UserID,Outcome1ID,Outcome2ID
1,1,3
1,1,7
1,1,8
1,1,9
1,1,27
1,1,28
1,1,29
1,1,30
1,1,31
1,1,32
1,1,34
1,1,35
1,1,36
1,1,38
1,1,39
1,1,40
1,1,41
1,1,42
1,1,50
1,1,80
1,1,82
1,1,86
1,1,88
1,1,89
1,1,90
1,1,92
1,1,93
1,1,95
1,1,96
1,1,97
1,1,101
1,1,112
1,1,113
1,1,123
1,1,127
1,1,128
1,1,129
1,1,132
1,1,134
1,1,135
1,1,139
1,1,169
1,1,170
1,1,172
1,1,174
1,1,176
1,1,177
1,2,4
1,2,5
1,2,6
1,2,11
1,2,14
1,2,15
1,2,16
1,2,17
1,2,18
1,2,19
1,2,20
1,2,22
1,2,23
1,2,24
1,2,25
1,2,26
1,2,33
1,2,37
1,2,98
1,2,100
1,2,114
1,2,116
1,2,117
1,2,131
1,2,136
1,2,137
1,2,138
1,2,140
1,2,141
1,2,142
1,2,143
1,2,144
1,2,145
1,2,146
1,2,147
1,2,148
1,2,149
1,2,150
1,2,151
1,2,153
1,2,154
1,2,155
1,2,156
1,2,157
1,2,158
1,2,159
1,2,160
1,2,161
1,2,162
1,2,163
1,2,164
1,2,165
1,2,166
1,2,167
1,2,168
1,2,171
1,2,173
1,2,175
1,3,7
1,3,8
1,3,9
1,3,27
1,3,28
1,3,29
1,3,30
1,3,31
1,3,32
1,3,34
1,3,35
1,3,36
1,3,38
1,3,39
1,3,40
1,3,41
1,3,42
1,3,50
1,3,80
1,3,82
1,3,86
1,3,88
1,3,89
1,3,90
1,3,92
1,3,93
1,3,95
1,3,96
1,3,97
1,3,101
1,3,112
1,3,113
1,3,123
1,3,127
1,3,128
1,3,129
1,3,132
1,3,134
1,3,135
1,3,139
1,3,169
1,3,170
1,3,172
1,3,174
1,3,176
1,3,177
1,4,5
1,4,6
1,4,11
1,4,14
1,4,15
1,4,16
1,4,17
1,4,18
1,4,19
1,4,20
1,4,22
1,4,23
1,4,24
1,4,25
1,4,26
1,4,33
1,4,37
1,4,98
1,4,100
1,4,114
1,4,116
1,4,117
1,4,131
1,4,136
1,4,137
1,4,138
1,4,140
1,4,141
1,4,142
1,4,143
1,4,144
1,4,145
1,4,146
1,4,147
1,4,148
1,4,149
1,4,150
1,4,151
1,4,153
1,4,154
1,4,155
1,4,156
1,4,157
1,4,158
1,4,159
1,4,160
1,4,161
1,4,162
1,4,163
1,4,164
1,4,165
1,4,166
1,4,167
1,4,168
1,4,171
1,4,173
1,4,175
1,5,6
1,5,11
1,5,14
1,5,15
1,5,16
1,5,17
1,5,18
1,5,19
1,5,20
1,5,22
1,5,23
1,5,24
1,5,25
1,5,26
1,5,33
1,5,37
1,5,98
1,5,100
1,5,114
1,5,116
1,5,117
1,5,131
1,5,136
1,5,137
1,5,138
1,5,140
1,5,141
1,5,142
1,5,143
1,5,144
1,5,145
1,5,146
1,5,147
1,5,148
1,5,149
1,5,150
1,5,151
1,5,153
1,5,154
1,5,155
1,5,156
1,5,157
1,5,158
1,5,159
1,5,160
1,5,161
1,5,162
1,5,163
1,5,164
1,5,165
1,5,166
1,5,167
1,5,168
1,5,171
1,5,173
1,5,175
1,6,11
1,6,14
1,6,15
1,6,16
1,6,17
1,6,18
1,6,19
1,6,20
1,6,22
1,6,23
1,6,24
1,6,25
1,6,26
1,6,33
1,6,37
1,6,98
1,6,100
1,6,114
1,6,116
1,6,117
1,6,131
1,6,136
1,6,137
1,6,138
1,6,140
1,6,141
1,6,142
1,6,143
1,6,144
1,6,145
1,6,146
1,6,147
1,6,148
1,6,149
1,6,150
1,6,151
1,6,153
1,6,154
1,6,155
1,6,156
1,6,157
1,6,158
1,6,159
1,6,160
1,6,161
1,6,162
1,6,163
1,6,164
1,6,165
1,6,166
1,6,167
1,6,168
1,6,171
1,6,173
1,6,175
1,7,8
1,7,9
1,7,27
1,7,28
1,7,29
1,7,30
1,7,31
1,7,32
1,7,34
1,7,35
1,7,36
1,7,38
1,7,39
1,7,40
1,7,41
1,7,42
1,7,50
1,7,80
1,7,82
1,7,86
1,7,88
1,7,89
1,7,90
1,7,92
1,7,93
1,7,95
1,7,96
1,7,97
1,7,101
1,7,112
1,7,113
1,7,123
1,7,127
1,7,128
1,7,129
1,7,132
1,7,134
1,7,135
1,7,139
1,7,169
1,7,170
1,7,172
1,7,174
1,7,176
1,7,177
1,8,9
1,8,27
1,8,28
1,8,29
1,8,30
1,8,31
1,8,32
1,8,34
1,8,35
1,8,36
1,8,38
1,8,39
1,8,40
1,8,41
1,8,42
1,8,50
1,8,80
1,8,82
1,8,86
1,8,88
1,8,89
1,8,90
1,8,92
1,8,93
1,8,95
1,8,96
1,8,97
1,8,101
1,8,112
1,8,113
1,8,123
1,8,127
1,8,128
1,8,129
1,8,132
1,8,134
1,8,135
1,8,139
1,8,169
1,8,170
1,8,172
1,8,174
1,8,176
1,8,177
1,9,27
1,9,28
1,9,29
1,9,30
1,9,31
1,9,32
1,9,34
1,9,35
1,9,36
1,9,38
1,9,39
1,9,40
1,9,41
1,9,42
1,9,50
1,9,80
1,9,82
1,9,86
1,9,88
1,9,89
1,9,90
1,9,92
1,9,93
1,9,95
1,9,96
1,9,97
1,9,101
1,9,112
1,9,113
1,9,123
1,9,127
1,9,128
1,9,129
1,9,132
1,9,134
1,9,135
1,9,139
1,9,169
1,9,170
1,9,172
1,9,174
1,9,176
1,9,177
1,10,12
1,10,13
1,10,21
1,10,43
1,10,44
1,10,45
1,10,46
1,10,47
1,10,48
1,10,49
1,10,51
1,10,52
1,10,53
1,10,54
1,10,55
1,10,56
1,10,57
1,10,58
1,10,59
1,10,60
1,10,61
1,10,62
1,10,63
1,10,64
1,10,65
1,10,66
1,10,67
1,10,68
1,10,69
1,10,70
1,10,71
1,10,72
1,10,73
1,10,74
1,10,75
1,10,76
1,10,77
1,10,78
1,10,79
1,10,81
1,10,83
1,10,84
1,10,85
1,10,87
1,10,91
1,10,94
1,10,99
1,10,102
1,10,103
1,10,104
1,10,105
1,10,106
1,10,107
1,10,108
1,10,109
1,10,110
1,10,111
1,10,115
1,10,118
1,10,119
1,10,120
1,10,121
1,10,122
1,10,124
1,10,125
1,10,126
1,10,130
1,10,133
1,10,152
1,11,14
1,11,15
1,11,16
1,11,17
1,11,18
1,11,19
1,11,20
1,11,22
1,11,23
1,11,24
1,11,25
1,11,26
1,11,33
1,11,37
1,11,98
1,11,100
1,11,114
1,11,116
1,11,117
1,11,131
1,11,136
1,11,137
1,11,138
1,11,140
1,11,141
1,11,142
1,11,143
1,11,144
1,11,145
1,11,146
1,11,147
1,11,148
1,11,149
1,11,150
1,11,151
1,11,153
1,11,154
1,11,155
1,11,156
1,11,157
1,11,158
1,11,159
1,11,160
1,11,161
1,11,162
1,11,163
1,11,164
1,11,165
1,11,166
1,11,167
1,11,168
1,11,171
1,11,173
1,11,175
1,12,13
1,12,21
1,12,43
1,12,44
1,12,45
1,12,46
1,12,47
1,12,48
1,12,49
1,12,51
1,12,52
1,12,53
1,12,54
1,12,55
1,12,56
1,12,57
1,12,58
1,12,59
1,12,60
1,12,61
1,12,62
1,12,63
1,12,64
1,12,65
1,12,66
1,12,67
1,12,68
1,12,69
1,12,70
1,12,71
1,12,72
1,12,73
1,12,74
1,12,75
1,12,76
1,12,77
1,12,78
1,12,79
1,12,81
1,12,83
1,12,84
1,12,85
1,12,87
1,12,91
1,12,94
1,12,99
1,12,102
1,12,103
1,12,104
1,12,105
1,12,106
1,12,107
1,12,108
1,12,109
1,12,110
1,12,111
1,12,115
1,12,118
1,12,119
1,12,120
1,12,121
1,12,122
1,12,124
1,12,125
1,12,126
1,12,130
1,12,133
1,12,152
1,13,21
1,13,43
1,13,44
1,13,45
1,13,46
1,13,47
1,13,48
1,13,49
1,13,51
1,13,52
1,13,53
1,13,54
1,13,55
1,13,56
1,13,57
1,13,58
1,13,59
1,13,60
1,13,61
1,13,62
1,13,63
1,13,64
1,13,65
1,13,66
1,13,67
1,13,68
1,13,69
1,13,70
1,13,71
1,13,72
1,13,73
1,13,74
1,13,75
1,13,76
1,13,77
1,13,78
1,13,79
1,13,81
1,13,83
1,13,84
1,13,85
1,13,87
1,13,91
1,13,94
1,13,99
1,13,102
1,13,103
1,13,104
1,13,105
1,13,106
1,13,107
1,13,108
1,13,109
1,13,110
1,13,111
1,13,115
1,13,118
1,13,119
1,13,120
1,13,121
1,13,122
1,13,124
1,13,125
1,13,126
1,13,130
1,13,133
1,13,152
1,14,15
1,14,16
1,14,17
1,14,18
1,14,19
1,14,20
1,14,22
1,14,23
1,14,24
1,14,25
1,14,26
1,14,33
1,14,37
1,14,98
1,14,100
1,14,114
1,14,116
1,14,117
1,14,131
1,14,136
1,14,137
1,14,138
1,14,140
1,14,141
1,14,142
1,14,143
1,14,144
1,14,145
1,14,146
1,14,147
1,14,148
1,14,149
1,14,150
1,14,151
1,14,153
1,14,154
1,14,155
1,14,156
1,14,157
1,14,158
1,14,159
1,14,160
1,14,161
1,14,162
1,14,163
1,14,164
1,14,165
1,14,166
1,14,167
1,14,168
1,14,171
1,14,173
1,14,175
1,15,16
1,15,17
1,15,18
1,15,19
1,15,20
1,15,22
1,15,23
1,15,24
1,15,25
1,15,26
1,15,33
1,15,37
1,15,98
1,15,100
1,15,114
1,15,116
1,15,117
1,15,131
1,15,136
1,15,137
1,15,138
1,15,140
1,15,141
1,15,142
1,15,143
1,15,144
1,15,145
1,15,146
1,15,147
1,15,148
1,15,149
1,15,150
1,15,151
1,15,153
1,15,154
1,15,155
1,15,156
1,15,157
1,15,158
1,15,159
1,15,160
1,15,161
1,15,162
1,15,163
1,15,164
1,15,165
1,15,166
1,15,167
1,15,168
1,15,171
1,15,173
1,15,175
1,16,17
1,16,18
1,16,19
1,16,20
1,16,22
1,16,23
1,16,24
1,16,25
1,16,26
1,16,33
1,16,37
1,16,98
1,16,100
1,16,114
1,16,116
1,16,117
1,16,131
1,16,136
1,16,137
1,16,138
1,16,140
1,16,141
1,16,142
1,16,143
1,16,144
1,16,145
1,16,146
1,16,147
1,16,148
1,16,149
1,16,150
1,16,151
1,16,153
1,16,154
1,16,155
1,16,156
1,16,157
1,16,158
1,16,159
1,16,160
1,16,161
1,16,162
1,16,163
1,16,164
1,16,165
1,16,166
1,16,167
1,16,168
1,16,171
1,16,173
1,16,175
1,17,18
1,17,19
1,17,20
1,17,22
1,17,23
1,17,24
1,17,25
1,17,26
1,17,33
1,17,37
1,17,98
1,17,100
1,17,114
1,17,116
1,17,117
1,17,131
1,17,136
1,17,137
1,17,138
1,17,140
1,17,141
1,17,142
1,17,143
1,17,144
1,17,145
1,17,146
1,17,147
1,17,148
1,17,149
1,17,150
1,17,151
1,17,153
1,17,154
1,17,155
1,17,156
1,17,157
1,17,158
1,17,159
1,17,160
1,17,161
1,17,162
1,17,163
1,17,164
1,17,165
1,17,166
1,17,167
1,17,168
1,17,171
1,17,173
1,17,175
1,18,19
1,18,20
1,18,22
1,18,23
1,18,24
1,18,25
1,18,26
1,18,33
1,18,37
1,18,98
1,18,100
1,18,114
1,18,116
1,18,117
1,18,131
1,18,136
1,18,137
1,18,138
1,18,140
1,18,141
1,18,142
1,18,143
1,18,144
1,18,145
1,18,146
1,18,147
1,18,148
1,18,149
1,18,150
1,18,151
1,18,153
1,18,154
1,18,155
1,18,156
1,18,157
1,18,158
1,18,159
1,18,160
1,18,161
1,18,162
1,18,163
1,18,164
1,18,165
1,18,166
1,18,167
1,18,168
1,18,171
1,18,173
1,18,175
1,19,20
1,19,22
1,19,23
1,19,24
1,19,25
1,19,26
1,19,33
1,19,37
1,19,98
1,19,100
1,19,114
1,19,116
1,19,117
1,19,131
1,19,136
1,19,137
1,19,138
1,19,140
1,19,141
1,19,142
1,19,143
1,19,144
1,19,145
1,19,146
1,19,147
1,19,148
1,19,149
1,19,150
1,19,151
1,19,153
1,19,154
1,19,155
1,19,156
1,19,157
1,19,158
1,19,159
1,19,160
1,19,161
1,19,162
1,19,163
1,19,164
1,19,165
1,19,166
1,19,167
1,19,168
1,19,171
1,19,173
1,19,175
1,20,22
1,20,23
1,20,24
1,20,25
1,20,26
1,20,33
1,20,37
1,20,98
1,20,100
1,20,114
1,20,116
1,20,117
1,20,131
1,20,136
1,20,137
1,20,138
1,20,140
1,20,141
1,20,142
1,20,143
1,20,144
1,20,145
1,20,146
1,20,147
1,20,148
1,20,149
1,20,150
1,20,151
1,20,153
1,20,154
1,20,155
1,20,156
1,20,157
1,20,158
1,20,159
1,20,160
1,20,161
1,20,162
1,20,163
1,20,164
1,20,165
1,20,166
1,20,167
1,20,168
1,20,171
1,20,173
1,20,175
1,21,43
1,21,44
1,21,45
1,21,46
1,21,47
1,21,48
1,21,49
1,21,51
1,21,52
1,21,53
1,21,54
1,21,55
1,21,56
1,21,57
1,21,58
1,21,59
1,21,60
1,21,61
1,21,62
1,21,63
1,21,64
1,21,65
1,21,66
1,21,67
1,21,68
1,21,69
1,21,70
1,21,71
1,21,72
1,21,73
1,21,74
1,21,75
1,21,76
1,21,77
1,21,78
1,21,79
1,21,81
1,21,83
1,21,84
1,21,85
1,21,87
1,21,91
1,21,94
1,21,99
1,21,102
1,21,103
1,21,104
1,21,105
1,21,106
1,21,107
1,21,108
1,21,109
1,21,110
1,21,111
1,21,115
1,21,118
1,21,119
1,21,120
1,21,121
1,21,122
1,21,124
1,21,125
1,21,126
1,21,130
1,21,133
1,21,152
1,22,23
1,22,24
1,22,25
1,22,26
1,22,33
1,22,37
1,22,98
1,22,100
1,22,114
1,22,116
1,22,117
1,22,131
1,22,136
1,22,137
1,22,138
1,22,140
1,22,141
1,22,142
1,22,143
1,22,144
1,22,145
1,22,146
1,22,147
1,22,148
1,22,149
1,22,150
1,22,151
1,22,153
1,22,154
1,22,155
1,22,156
1,22,157
1,22,158
1,22,159
1,22,160
1,22,161
1,22,162
1,22,163
1,22,164
1,22,165
1,22,166
1,22,167
1,22,168
1,22,171
1,22,173
1,22,175
1,23,24
1,23,25
1,23,26
1,23,33
1,23,37
1,23,98
1,23,100
1,23,114
1,23,116
1,23,117
1,23,131
1,23,136
1,23,137
1,23,138
1,23,140
1,23,141
1,23,142
1,23,143
1,23,144
1,23,145
1,23,146
1,23,147
1,23,148
1,23,149
1,23,150
1,23,151
1,23,153
1,23,154
1,23,155
1,23,156
1,23,157
1,23,158
1,23,159
1,23,160
1,23,161
1,23,162
1,23,163
1,23,164
1,23,165
1,23,166
1,23,167
1,23,168
1,23,171
1,23,173
1,23,175
1,24,25
1,24,26
1,24,33
1,24,37
1,24,98
1,24,100
1,24,114
1,24,116
1,24,117
1,24,131
1,24,136
1,24,137
1,24,138
1,24,140
1,24,141
1,24,142
1,24,143
1,24,144
1,24,145
1,24,146
1,24,147
1,24,148
1,24,149
1,24,150
1,24,151
1,24,153
1,24,154
1,24,155
1,24,156
1,24,157
1,24,158
1,24,159
1,24,160
1,24,161
1,24,162
1,24,163
1,24,164
1,24,165
1,24,166
1,24,167
1,24,168
1,24,171
1,24,173
1,24,175
1,25,26
1,25,33
1,25,37
1,25,98
1,25,100
1,25,114
1,25,116
1,25,117
1,25,131
1,25,136
1,25,137
1,25,138
1,25,140
1,25,141
1,25,142
1,25,143
1,25,144
1,25,145
1,25,146
1,25,147
1,25,148
1,25,149
1,25,150
1,25,151
1,25,153
1,25,154
1,25,155
1,25,156
1,25,157
1,25,158
1,25,159
1,25,160
1,25,161
1,25,162
1,25,163
1,25,164
1,25,165
1,25,166
1,25,167
1,25,168
1,25,171
1,25,173
1,25,175
1,26,33
1,26,37
1,26,98
1,26,100
1,26,114
1,26,116
1,26,117
1,26,131
1,26,136
1,26,137
1,26,138
1,26,140
1,26,141
1,26,142
1,26,143
1,26,144
1,26,145
1,26,146
1,26,147
1,26,148
1,26,149
1,26,150
1,26,151
1,26,153
1,26,154
1,26,155
1,26,156
1,26,157
1,26,158
1,26,159
1,26,160
1,26,161
1,26,162
1,26,163
1,26,164
1,26,165
1,26,166
1,26,167
1,26,168
1,26,171
1,26,173
1,26,175
1,27,28
1,27,29
1,27,30
1,27,31
1,27,32
1,27,34
1,27,35
1,27,36
1,27,38
1,27,39
1,27,40
1,27,41
1,27,42
1,27,50
1,27,80
1,27,82
1,27,86
1,27,88
1,27,89
1,27,90
1,27,92
1,27,93
1,27,95
1,27,96
1,27,97
1,27,101
1,27,112
1,27,113
1,27,123
1,27,127
1,27,128
1,27,129
1,27,132
1,27,134
1,27,135
1,27,139
1,27,169
1,27,170
1,27,172
1,27,174
1,27,176
1,27,177
1,28,29
1,28,30
1,28,31
1,28,32
1,28,34
1,28,35
1,28,36
1,28,38
1,28,39
1,28,40
1,28,41
1,28,42
1,28,50
1,28,80
1,28,82
1,28,86
1,28,88
1,28,89
1,28,90
1,28,92
1,28,93
1,28,95
1,28,96
1,28,97
1,28,101
1,28,112
1,28,113
1,28,123
1,28,127
1,28,128
1,28,129
1,28,132
1,28,134
1,28,135
1,28,139
1,28,169
1,28,170
1,28,172
1,28,174
1,28,176
1,28,177
1,29,30
1,29,31
1,29,32
1,29,34
1,29,35
1,29,36
1,29,38
1,29,39
1,29,40
1,29,41
1,29,42
1,29,50
1,29,80
1,29,82
1,29,86
1,29,88
1,29,89
1,29,90
1,29,92
1,29,93
1,29,95
1,29,96
1,29,97
1,29,101
1,29,112
1,29,113
1,29,123
1,29,127
1,29,128
1,29,129
1,29,132
1,29,134
1,29,135
1,29,139
1,29,169
1,29,170
1,29,172
1,29,174
1,29,176
1,29,177
1,30,31
1,30,32
1,30,34
1,30,35
1,30,36
1,30,38
1,30,39
1,30,40
1,30,41
1,30,42
1,30,50
1,30,80
1,30,82
1,30,86
1,30,88
1,30,89
1,30,90
1,30,92
1,30,93
1,30,95
1,30,96
1,30,97
1,30,101
1,30,112
1,30,113
1,30,123
1,30,127
1,30,128
1,30,129
1,30,132
1,30,134
1,30,135
1,30,139
1,30,169
1,30,170
1,30,172
1,30,174
1,30,176
1,30,177
1,31,32
1,31,34
1,31,35
1,31,36
1,31,38
1,31,39
1,31,40
1,31,41
1,31,42
1,31,50
1,31,80
1,31,82
1,31,86
1,31,88
1,31,89
1,31,90
1,31,92
1,31,93
1,31,95
1,31,96
1,31,97
1,31,101
1,31,112
1,31,113
1,31,123
1,31,127
1,31,128
1,31,129
1,31,132
1,31,134
1,31,135
1,31,139
1,31,169
1,31,170
1,31,172
1,31,174
1,31,176
1,31,177
1,32,34
1,32,35
1,32,36
1,32,38
1,32,39
1,32,40
1,32,41
1,32,42
1,32,50
1,32,80
1,32,82
1,32,86
1,32,88
1,32,89
1,32,90
1,32,92
1,32,93
1,32,95
1,32,96
1,32,97
1,32,101
1,32,112
1,32,113
1,32,123
1,32,127
1,32,128
1,32,129
1,32,132
1,32,134
1,32,135
1,32,139
1,32,169
1,32,170
1,32,172
1,32,174
1,32,176
1,32,177
1,33,37
1,33,98
1,33,100
1,33,114
1,33,116
1,33,117
1,33,131
1,33,136
1,33,137
1,33,138
1,33,140
1,33,141
1,33,142
1,33,143
1,33,144
1,33,145
1,33,146
1,33,147
1,33,148
1,33,149
1,33,150
1,33,151
1,33,153
1,33,154
1,33,155
1,33,156
1,33,157
1,33,158
1,33,159
1,33,160
1,33,161
1,33,162
1,33,163
1,33,164
1,33,165
1,33,166
1,33,167
1,33,168
1,33,171
1,33,173
1,33,175
1,34,35
1,34,36
1,34,38
1,34,39
1,34,40
1,34,41
1,34,42
1,34,50
1,34,80
1,34,82
1,34,86
1,34,88
1,34,89
1,34,90
1,34,92
1,34,93
1,34,95
1,34,96
1,34,97
1,34,101
1,34,112
1,34,113
1,34,123
1,34,127
1,34,128
1,34,129
1,34,132
1,34,134
1,34,135
1,34,139
1,34,169
1,34,170
1,34,172
1,34,174
1,34,176
1,34,177
1,35,36
1,35,38
1,35,39
1,35,40
1,35,41
1,35,42
1,35,50
1,35,80
1,35,82
1,35,86
1,35,88
1,35,89
1,35,90
1,35,92
1,35,93
1,35,95
1,35,96
1,35,97
1,35,101
1,35,112
1,35,113
1,35,123
1,35,127
1,35,128
1,35,129
1,35,132
1,35,134
1,35,135
1,35,139
1,35,169
1,35,170
1,35,172
1,35,174
1,35,176
1,35,177
1,36,38
1,36,39
1,36,40
1,36,41
1,36,42
1,36,50
1,36,80
1,36,82
1,36,86
1,36,88
1,36,89
1,36,90
1,36,92
1,36,93
1,36,95
1,36,96
1,36,97
1,36,101
1,36,112
1,36,113
1,36,123
1,36,127
1,36,128
1,36,129
1,36,132
1,36,134
1,36,135
1,36,139
1,36,169
1,36,170
1,36,172
1,36,174
1,36,176
1,36,177
1,37,98
1,37,100
1,37,114
1,37,116
1,37,117
1,37,131
1,37,136
1,37,137
1,37,138
1,37,140
1,37,141
1,37,142
1,37,143
1,37,144
1,37,145
1,37,146
1,37,147
1,37,148
1,37,149
1,37,150
1,37,151
1,37,153
1,37,154
1,37,155
1,37,156
1,37,157
1,37,158
1,37,159
1,37,160
1,37,161
1,37,162
1,37,163
1,37,164
1,37,165
1,37,166
1,37,167
1,37,168
1,37,171
1,37,173
1,37,175
1,38,39
1,38,40
1,38,41
1,38,42
1,38,50
1,38,80
1,38,82
1,38,86
1,38,88
1,38,89
1,38,90
1,38,92
1,38,93
1,38,95
1,38,96
1,38,97
1,38,101
1,38,112
1,38,113
1,38,123
1,38,127
1,38,128
1,38,129
1,38,132
1,38,134
1,38,135
1,38,139
1,38,169
1,38,170
1,38,172
1,38,174
1,38,176
1,38,177
1,39,40
1,39,41
1,39,42
1,39,50
1,39,80
1,39,82
1,39,86
1,39,88
1,39,89
1,39,90
1,39,92
1,39,93
1,39,95
1,39,96
1,39,97
1,39,101
1,39,112
1,39,113
1,39,123
1,39,127
1,39,128
1,39,129
1,39,132
1,39,134
1,39,135
1,39,139
1,39,169
1,39,170
1,39,172
1,39,174
1,39,176
1,39,177
1,40,41
1,40,42
1,40,50
1,40,80
1,40,82
1,40,86
1,40,88
1,40,89
1,40,90
1,40,92
1,40,93
1,40,95
1,40,96
1,40,97
1,40,101
1,40,112
1,40,113
1,40,123
1,40,127
1,40,128
1,40,129
1,40,132
1,40,134
1,40,135
1,40,139
1,40,169
1,40,170
1,40,172
1,40,174
1,40,176
1,40,177
1,41,42
1,41,50
1,41,80
1,41,82
1,41,86
1,41,88
1,41,89
1,41,90
1,41,92
1,41,93
1,41,95
1,41,96
1,41,97
1,41,101
1,41,112
1,41,113
1,41,123
1,41,127
1,41,128
1,41,129
1,41,132
1,41,134
1,41,135
1,41,139
1,41,169
1,41,170
1,41,172
1,41,174
1,41,176
1,41,177
1,42,50
1,42,80
1,42,82
1,42,86
1,42,88
1,42,89
1,42,90
1,42,92
1,42,93
1,42,95
1,42,96
1,42,97
1,42,101
1,42,112
1,42,113
1,42,123
1,42,127
1,42,128
1,42,129
1,42,132
1,42,134
1,42,135
1,42,139
1,42,169
1,42,170
1,42,172
1,42,174
1,42,176
1,42,177
1,43,44
1,43,45
1,43,46
1,43,47
1,43,48
1,43,49
1,43,51
1,43,52
1,43,53
1,43,54
1,43,55
1,43,56
1,43,57
1,43,58
1,43,59
1,43,60
1,43,61
1,43,62
1,43,63
1,43,64
1,43,65
1,43,66
1,43,67
1,43,68
1,43,69
1,43,70
1,43,71
1,43,72
1,43,73
1,43,74
1,43,75
1,43,76
1,43,77
1,43,78
1,43,79
1,43,81
1,43,83
1,43,84
1,43,85
1,43,87
1,43,91
1,43,94
1,43,99
1,43,102
1,43,103
1,43,104
1,43,105
1,43,106
1,43,107
1,43,108
1,43,109
1,43,110
1,43,111
1,43,115
1,43,118
1,43,119
1,43,120
1,43,121
1,43,122
1,43,124
1,43,125
1,43,126
1,43,130
1,43,133
1,43,152
1,44,45
1,44,46
1,44,47
1,44,48
1,44,49
1,44,51
1,44,52
1,44,53
1,44,54
1,44,55
1,44,56
1,44,57
1,44,58
1,44,59
1,44,60
1,44,61
1,44,62
1,44,63
1,44,64
1,44,65
1,44,66
1,44,67
1,44,68
1,44,69
1,44,70
1,44,71
1,44,72
1,44,73
1,44,74
1,44,75
1,44,76
1,44,77
1,44,78
1,44,79
1,44,81
1,44,83
1,44,84
1,44,85
1,44,87
1,44,91
1,44,94
1,44,99
1,44,102
1,44,103
1,44,104
1,44,105
1,44,106
1,44,107
1,44,108
1,44,109
1,44,110
1,44,111
1,44,115
1,44,118
1,44,119
1,44,120
1,44,121
1,44,122
1,44,124
1,44,125
1,44,126
1,44,130
1,44,133
1,44,152
1,45,46
1,45,47
1,45,48
1,45,49
1,45,51
1,45,52
1,45,53
1,45,54
1,45,55
1,45,56
1,45,57
1,45,58
1,45,59
1,45,60
1,45,61
1,45,62
1,45,63
1,45,64
1,45,65
1,45,66
1,45,67
1,45,68
1,45,69
1,45,70
1,45,71
1,45,72
1,45,73
1,45,74
1,45,75
1,45,76
1,45,77
1,45,78
1,45,79
1,45,81
1,45,83
1,45,84
1,45,85
1,45,87
1,45,91
1,45,94
1,45,99
1,45,102
1,45,103
1,45,104
1,45,105
1,45,106
1,45,107
1,45,108
1,45,109
1,45,110
1,45,111
1,45,115
1,45,118
1,45,119
1,45,120
1,45,121
1,45,122
1,45,124
1,45,125
1,45,126
1,45,130
1,45,133
1,45,152
1,46,47
1,46,48
1,46,49
1,46,51
1,46,52
1,46,53
1,46,54
1,46,55
1,46,56
1,46,57
1,46,58
1,46,59
1,46,60
1,46,61
1,46,62
1,46,63
1,46,64
1,46,65
1,46,66
1,46,67
1,46,68
1,46,69
1,46,70
1,46,71
1,46,72
1,46,73
1,46,74
1,46,75
1,46,76
1,46,77
1,46,78
1,46,79
1,46,81
1,46,83
1,46,84
1,46,85
1,46,87
1,46,91
1,46,94
1,46,99
1,46,102
1,46,103
1,46,104
1,46,105
1,46,106
1,46,107
1,46,108
1,46,109
1,46,110
1,46,111
1,46,115
1,46,118
1,46,119
1,46,120
1,46,121
1,46,122
1,46,124
1,46,125
1,46,126
1,46,130
1,46,133
1,46,152
1,47,48
1,47,49
1,47,51
1,47,52
1,47,53
1,47,54
1,47,55
1,47,56
1,47,57
1,47,58
1,47,59
1,47,60
1,47,61
1,47,62
1,47,63
1,47,64
1,47,65
1,47,66
1,47,67
1,47,68
1,47,69
1,47,70
1,47,71
1,47,72
1,47,73
1,47,74
1,47,75
1,47,76
1,47,77
1,47,78
1,47,79
1,47,81
1,47,83
1,47,84
1,47,85
1,47,87
1,47,91
1,47,94
1,47,99
1,47,102
1,47,103
1,47,104
1,47,105
1,47,106
1,47,107
1,47,108
1,47,109
1,47,110
1,47,111
1,47,115
1,47,118
1,47,119
1,47,120
1,47,121
1,47,122
1,47,124
1,47,125
1,47,126
1,47,130
1,47,133
1,47,152
1,48,49
1,48,51
1,48,52
1,48,53
1,48,54
1,48,55
1,48,56
1,48,57
1,48,58
1,48,59
1,48,60
1,48,61
1,48,62
1,48,63
1,48,64
1,48,65
1,48,66
1,48,67
1,48,68
1,48,69
1,48,70
1,48,71
1,48,72
1,48,73
1,48,74
1,48,75
1,48,76
1,48,77
1,48,78
1,48,79
1,48,81
1,48,83
1,48,84
1,48,85
1,48,87
1,48,91
1,48,94
1,48,99
1,48,102
1,48,103
1,48,104
1,48,105
1,48,106
1,48,107
1,48,108
1,48,109
1,48,110
1,48,111
1,48,115
1,48,118
1,48,119
1,48,120
1,48,121
1,48,122
1,48,124
1,48,125
1,48,126
1,48,130
1,48,133
1,48,152
1,49,51
1,49,52
1,49,53
1,49,54
1,49,55
1,49,56
1,49,57
1,49,58
1,49,59
1,49,60
1,49,61
1,49,62
1,49,63
1,49,64
1,49,65
1,49,66
1,49,67
1,49,68
1,49,69
1,49,70
1,49,71
1,49,72
1,49,73
1,49,74
1,49,75
1,49,76
1,49,77
1,49,78
1,49,79
1,49,81
1,49,83
1,49,84
1,49,85
1,49,87
1,49,91
1,49,94
1,49,99
1,49,102
1,49,103
1,49,104
1,49,105
1,49,106
1,49,107
1,49,108
1,49,109
1,49,110
1,49,111
1,49,115
1,49,118
1,49,119
1,49,120
1,49,121
1,49,122
1,49,124
1,49,125
1,49,126
1,49,130
1,49,133
1,49,152
1,50,80
1,50,82
1,50,86
1,50,88
1,50,89
1,50,90
1,50,92
1,50,93
1,50,95
1,50,96
1,50,97
1,50,101
1,50,112
1,50,113
1,50,123
1,50,127
1,50,128
1,50,129
1,50,132
1,50,134
1,50,135
1,50,139
1,50,169
1,50,170
1,50,172
1,50,174
1,50,176
1,50,177
1,51,52
1,51,53
1,51,54
1,51,55
1,51,56
1,51,57
1,51,58
1,51,59
1,51,60
1,51,61
1,51,62
1,51,63
1,51,64
1,51,65
1,51,66
1,51,67
1,51,68
1,51,69
1,51,70
1,51,71
1,51,72
1,51,73
1,51,74
1,51,75
1,51,76
1,51,77
1,51,78
1,51,79
1,51,81
1,51,83
1,51,84
1,51,85
1,51,87
1,51,91
1,51,94
1,51,99
1,51,102
1,51,103
1,51,104
1,51,105
1,51,106
1,51,107
1,51,108
1,51,109
1,51,110
1,51,111
1,51,115
1,51,118
1,51,119
1,51,120
1,51,121
1,51,122
1,51,124
1,51,125
1,51,126
1,51,130
1,51,133
1,51,152
1,52,53
1,52,54
1,52,55
1,52,56
1,52,57
1,52,58
1,52,59
1,52,60
1,52,61
1,52,62
1,52,63
1,52,64
1,52,65
1,52,66
1,52,67
1,52,68
1,52,69
1,52,70
1,52,71
1,52,72
1,52,73
1,52,74
1,52,75
1,52,76
1,52,77
1,52,78
1,52,79
1,52,81
1,52,83
1,52,84
1,52,85
1,52,87
1,52,91
1,52,94
1,52,99
1,52,102
1,52,103
1,52,104
1,52,105
1,52,106
1,52,107
1,52,108
1,52,109
1,52,110
1,52,111
1,52,115
1,52,118
1,52,119
1,52,120
1,52,121
1,52,122
1,52,124
1,52,125
1,52,126
1,52,130
1,52,133
1,52,152
1,53,54
1,53,55
1,53,56
1,53,57
1,53,58
1,53,59
1,53,60
1,53,61
1,53,62
1,53,63
1,53,64
1,53,65
1,53,66
1,53,67
1,53,68
1,53,69
1,53,70
1,53,71
1,53,72
1,53,73
1,53,74
1,53,75
1,53,76
1,53,77
1,53,78
1,53,79
1,53,81
1,53,83
1,53,84
1,53,85
1,53,87
1,53,91
1,53,94
1,53,99
1,53,102
1,53,103
1,53,104
1,53,105
1,53,106
1,53,107
1,53,108
1,53,109
1,53,110
1,53,111
1,53,115
1,53,118
1,53,119
1,53,120
1,53,121
1,53,122
1,53,124
1,53,125
1,53,126
1,53,130
1,53,133
1,53,152
1,54,55
1,54,56
1,54,57
1,54,58
1,54,59
1,54,60
1,54,61
1,54,62
1,54,63
1,54,64
1,54,65
1,54,66
1,54,67
1,54,68
1,54,69
1,54,70
1,54,71
1,54,72
1,54,73
1,54,74
1,54,75
1,54,76
1,54,77
1,54,78
1,54,79
1,54,81
1,54,83
1,54,84
1,54,85
1,54,87
1,54,91
1,54,94
1,54,99
1,54,102
1,54,103
1,54,104
1,54,105
1,54,106
1,54,107
1,54,108
1,54,109
1,54,110
1,54,111
1,54,115
1,54,118
1,54,119
1,54,120
1,54,121
1,54,122
1,54,124
1,54,125
1,54,126
1,54,130
1,54,133
1,54,152
1,55,56
1,55,57
1,55,58
1,55,59
1,55,60
1,55,61
1,55,62
1,55,63
1,55,64
1,55,65
1,55,66
1,55,67
1,55,68
1,55,69
1,55,70
1,55,71
1,55,72
1,55,73
1,55,74
1,55,75
1,55,76
1,55,77
1,55,78
1,55,79
1,55,81
1,55,83
1,55,84
1,55,85
1,55,87
1,55,91
1,55,94
1,55,99
1,55,102
1,55,103
1,55,104
1,55,105
1,55,106
1,55,107
1,55,108
1,55,109
1,55,110
1,55,111
1,55,115
1,55,118
1,55,119
1,55,120
1,55,121
1,55,122
1,55,124
1,55,125
1,55,126
1,55,130
1,55,133
1,55,152
1,56,57
1,56,58
1,56,59
1,56,60
1,56,61
1,56,62
1,56,63
1,56,64
1,56,65
1,56,66
1,56,67
1,56,68
1,56,69
1,56,70
1,56,71
1,56,72
1,56,73
1,56,74
1,56,75
1,56,76
1,56,77
1,56,78
1,56,79
1,56,81
1,56,83
1,56,84
1,56,85
1,56,87
1,56,91
1,56,94
1,56,99
1,56,102
1,56,103
1,56,104
1,56,105
1,56,106
1,56,107
1,56,108
1,56,109
1,56,110
1,56,111
1,56,115
1,56,118
1,56,119
1,56,120
1,56,121
1,56,122
1,56,124
1,56,125
1,56,126
1,56,130
1,56,133
1,56,152
1,57,58
1,57,59
1,57,60
1,57,61
1,57,62
1,57,63
1,57,64
1,57,65
1,57,66
1,57,67
1,57,68
1,57,69
1,57,70
1,57,71
1,57,72
1,57,73
1,57,74
1,57,75
1,57,76
1,57,77
1,57,78
1,57,79
1,57,81
1,57,83
1,57,84
1,57,85
1,57,87
1,57,91
1,57,94
1,57,99
1,57,102
1,57,103
1,57,104
1,57,105
1,57,106
1,57,107
1,57,108
1,57,109
1,57,110
1,57,111
1,57,115
1,57,118
1,57,119
1,57,120
1,57,121
1,57,122
1,57,124
1,57,125
1,57,126
1,57,130
1,57,133
1,57,152
1,58,59
1,58,60
1,58,61
1,58,62
1,58,63
1,58,64
1,58,65
1,58,66
1,58,67
1,58,68
1,58,69
1,58,70
1,58,71
1,58,72
1,58,73
1,58,74
1,58,75
1,58,76
1,58,77
1,58,78
1,58,79
1,58,81
1,58,83
1,58,84
1,58,85
1,58,87
1,58,91
1,58,94
1,58,99
1,58,102
1,58,103
1,58,104
1,58,105
1,58,106
1,58,107
1,58,108
1,58,109
1,58,110
1,58,111
1,58,115
1,58,118
1,58,119
1,58,120
1,58,121
1,58,122
1,58,124
1,58,125
1,58,126
1,58,130
1,58,133
1,58,152
1,59,60
1,59,61
1,59,62
1,59,63
1,59,64
1,59,65
1,59,66
1,59,67
1,59,68
1,59,69
1,59,70
1,59,71
1,59,72
1,59,73
1,59,74
1,59,75
1,59,76
1,59,77
1,59,78
1,59,79
1,59,81
1,59,83
1,59,84
1,59,85
1,59,87
1,59,91
1,59,94
1,59,99
1,59,102
1,59,103
1,59,104
1,59,105
1,59,106
1,59,107
1,59,108
1,59,109
1,59,110
1,59,111
1,59,115
1,59,118
1,59,119
1,59,120
1,59,121
1,59,122
1,59,124
1,59,125
1,59,126
1,59,130
1,59,133
1,59,152
1,60,61
1,60,62
1,60,63
1,60,64
1,60,65
1,60,66
1,60,67
1,60,68
1,60,69
1,60,70
1,60,71
1,60,72
1,60,73
1,60,74
1,60,75
1,60,76
1,60,77
1,60,78
1,60,79
1,60,81
1,60,83
1,60,84
1,60,85
1,60,87
1,60,91
1,60,94
1,60,99
1,60,102
1,60,103
1,60,104
1,60,105
1,60,106
1,60,107
1,60,108
1,60,109
1,60,110
1,60,111
1,60,115
1,60,118
1,60,119
1,60,120
1,60,121
1,60,122
1,60,124
1,60,125
1,60,126
1,60,130
1,60,133
1,60,152
1,61,62
1,61,63
1,61,64
1,61,65
1,61,66
1,61,67
1,61,68
1,61,69
1,61,70
1,61,71
1,61,72
1,61,73
1,61,74
1,61,75
1,61,76
1,61,77
1,61,78
1,61,79
1,61,81
1,61,83
1,61,84
1,61,85
1,61,87
1,61,91
1,61,94
1,61,99
1,61,102
1,61,103
1,61,104
1,61,105
1,61,106
1,61,107
1,61,108
1,61,109
1,61,110
1,61,111
1,61,115
1,61,118
1,61,119
1,61,120
1,61,121
1,61,122
1,61,124
1,61,125
1,61,126
1,61,130
1,61,133
1,61,152
1,62,63
1,62,64
1,62,65
1,62,66
1,62,67
1,62,68
1,62,69
1,62,70
1,62,71
1,62,72
1,62,73
1,62,74
1,62,75
1,62,76
1,62,77
1,62,78
1,62,79
1,62,81
1,62,83
1,62,84
1,62,85
1,62,87
1,62,91
1,62,94
1,62,99
1,62,102
1,62,103
1,62,104
1,62,105
1,62,106
1,62,107
1,62,108
1,62,109
1,62,110
1,62,111
1,62,115
1,62,118
1,62,119
1,62,120
1,62,121
1,62,122
1,62,124
1,62,125
1,62,126
1,62,130
1,62,133
1,62,152
1,63,64
1,63,65
1,63,66
1,63,67
1,63,68
1,63,69
1,63,70
1,63,71
1,63,72
1,63,73
1,63,74
1,63,75
1,63,76
1,63,77
1,63,78
1,63,79
1,63,81
1,63,83
1,63,84
1,63,85
1,63,87
1,63,91
1,63,94
1,63,99
1,63,102
1,63,103
1,63,104
1,63,105
1,63,106
1,63,107
1,63,108
1,63,109
1,63,110
1,63,111
1,63,115
1,63,118
1,63,119
1,63,120
1,63,121
1,63,122
1,63,124
1,63,125
1,63,126
1,63,130
1,63,133
1,63,152
1,64,65
1,64,66
1,64,67
1,64,68
1,64,69
1,64,70
1,64,71
1,64,72
1,64,73
1,64,74
1,64,75
1,64,76
1,64,77
1,64,78
1,64,79
1,64,81
1,64,83
1,64,84
1,64,85
1,64,87
1,64,91
1,64,94
1,64,99
1,64,102
1,64,103
1,64,104
1,64,105
1,64,106
1,64,107
1,64,108
1,64,109
1,64,110
1,64,111
1,64,115
1,64,118
1,64,119
1,64,120
1,64,121
1,64,122
1,64,124
1,64,125
1,64,126
1,64,130
1,64,133
1,64,152
1,65,66
1,65,67
1,65,68
1,65,69
1,65,70
1,65,71
1,65,72
1,65,73
1,65,74
1,65,75
1,65,76
1,65,77
1,65,78
1,65,79
1,65,81
1,65,83
1,65,84
1,65,85
1,65,87
1,65,91
1,65,94
1,65,99
1,65,102
1,65,103
1,65,104
1,65,105
1,65,106
1,65,107
1,65,108
1,65,109
1,65,110
1,65,111
1,65,115
1,65,118
1,65,119
1,65,120
1,65,121
1,65,122
1,65,124
1,65,125
1,65,126
1,65,130
1,65,133
1,65,152
1,66,67
1,66,68
1,66,69
1,66,70
1,66,71
1,66,72
1,66,73
1,66,74
1,66,75
1,66,76
1,66,77
1,66,78
1,66,79
1,66,81
1,66,83
1,66,84
1,66,85
1,66,87
1,66,91
1,66,94
1,66,99
1,66,102
1,66,103
1,66,104
1,66,105
1,66,106
1,66,107
1,66,108
1,66,109
1,66,110
1,66,111
1,66,115
1,66,118
1,66,119
1,66,120
1,66,121
1,66,122
1,66,124
1,66,125
1,66,126
1,66,130
1,66,133
1,66,152
1,67,68
1,67,69
1,67,70
1,67,71
1,67,72
1,67,73
1,67,74
1,67,75
1,67,76
1,67,77
1,67,78
1,67,79
1,67,81
1,67,83
1,67,84
1,67,85
1,67,87
1,67,91
1,67,94
1,67,99
1,67,102
1,67,103
1,67,104
1,67,105
1,67,106
1,67,107
1,67,108
1,67,109
1,67,110
1,67,111
1,67,115
1,67,118
1,67,119
1,67,120
1,67,121
1,67,122
1,67,124
1,67,125
1,67,126
1,67,130
1,67,133
1,67,152
1,68,69
1,68,70
1,68,71
1,68,72
1,68,73
1,68,74
1,68,75
1,68,76
1,68,77
1,68,78
1,68,79
1,68,81
1,68,83
1,68,84
1,68,85
1,68,87
1,68,91
1,68,94
1,68,99
1,68,102
1,68,103
1,68,104
1,68,105
1,68,106
1,68,107
1,68,108
1,68,109
1,68,110
1,68,111
1,68,115
1,68,118
1,68,119
1,68,120
1,68,121
1,68,122
1,68,124
1,68,125
1,68,126
1,68,130
1,68,133
1,68,152
1,69,70
1,69,71
1,69,72
1,69,73
1,69,74
1,69,75
1,69,76
1,69,77
1,69,78
1,69,79
1,69,81
1,69,83
1,69,84
1,69,85
1,69,87
1,69,91
1,69,94
1,69,99
1,69,102
1,69,103
1,69,104
1,69,105
1,69,106
1,69,107
1,69,108
1,69,109
1,69,110
1,69,111
1,69,115
1,69,118
1,69,119
1,69,120
1,69,121
1,69,122
1,69,124
1,69,125
1,69,126
1,69,130
1,69,133
1,69,152
1,70,71
1,70,72
1,70,73
1,70,74
1,70,75
1,70,76
1,70,77
1,70,78
1,70,79
1,70,81
1,70,83
1,70,84
1,70,85
1,70,87
1,70,91
1,70,94
1,70,99
1,70,102
1,70,103
1,70,104
1,70,105
1,70,106
1,70,107
1,70,108
1,70,109
1,70,110
1,70,111
1,70,115
1,70,118
1,70,119
1,70,120
1,70,121
1,70,122
1,70,124
1,70,125
1,70,126
1,70,130
1,70,133
1,70,152
1,71,72
1,71,73
1,71,74
1,71,75
1,71,76
1,71,77
1,71,78
1,71,79
1,71,81
1,71,83
1,71,84
1,71,85
1,71,87
1,71,91
1,71,94
1,71,99
1,71,102
1,71,103
1,71,104
1,71,105
1,71,106
1,71,107
1,71,108
1,71,109
1,71,110
1,71,111
1,71,115
1,71,118
1,71,119
1,71,120
1,71,121
1,71,122
1,71,124
1,71,125
1,71,126
1,71,130
1,71,133
1,71,152
1,72,73
1,72,74
1,72,75
1,72,76
1,72,77
1,72,78
1,72,79
1,72,81
1,72,83
1,72,84
1,72,85
1,72,87
1,72,91
1,72,94
1,72,99
1,72,102
1,72,103
1,72,104
1,72,105
1,72,106
1,72,107
1,72,108
1,72,109
1,72,110
1,72,111
1,72,115
1,72,118
1,72,119
1,72,120
1,72,121
1,72,122
1,72,124
1,72,125
1,72,126
1,72,130
1,72,133
1,72,152
1,73,74
1,73,75
1,73,76
1,73,77
1,73,78
1,73,79
1,73,81
1,73,83
1,73,84
1,73,85
1,73,87
1,73,91
1,73,94
1,73,99
1,73,102
1,73,103
1,73,104
1,73,105
1,73,106
1,73,107
1,73,108
1,73,109
1,73,110
1,73,111
1,73,115
1,73,118
1,73,119
1,73,120
1,73,121
1,73,122
1,73,124
1,73,125
1,73,126
1,73,130
1,73,133
1,73,152
1,74,75
1,74,76
1,74,77
1,74,78
1,74,79
1,74,81
1,74,83
1,74,84
1,74,85
1,74,87
1,74,91
1,74,94
1,74,99
1,74,102
1,74,103
1,74,104
1,74,105
1,74,106
1,74,107
1,74,108
1,74,109
1,74,110
1,74,111
1,74,115
1,74,118
1,74,119
1,74,120
1,74,121
1,74,122
1,74,124
1,74,125
1,74,126
1,74,130
1,74,133
1,74,152
1,75,76
1,75,77
1,75,78
1,75,79
1,75,81
1,75,83
1,75,84
1,75,85
1,75,87
1,75,91
1,75,94
1,75,99
1,75,102
1,75,103
1,75,104
1,75,105
1,75,106
1,75,107
1,75,108
1,75,109
1,75,110
1,75,111
1,75,115
1,75,118
1,75,119
1,75,120
1,75,121
1,75,122
1,75,124
1,75,125
1,75,126
1,75,130
1,75,133
1,75,152
1,76,77
1,76,78
1,76,79
1,76,81
1,76,83
1,76,84
1,76,85
1,76,87
1,76,91
1,76,94
1,76,99
1,76,102
1,76,103
1,76,104
1,76,105
1,76,106
1,76,107
1,76,108
1,76,109
1,76,110
1,76,111
1,76,115
1,76,118
1,76,119
1,76,120
1,76,121
1,76,122
1,76,124
1,76,125
1,76,126
1,76,130
1,76,133
1,76,152
1,77,78
1,77,79
1,77,81
1,77,83
1,77,84
1,77,85
1,77,87
1,77,91
1,77,94
1,77,99
1,77,102
1,77,103
1,77,104
1,77,105
1,77,106
1,77,107
1,77,108
1,77,109
1,77,110
1,77,111
1,77,115
1,77,118
1,77,119
1,77,120
1,77,121
1,77,122
1,77,124
1,77,125
1,77,126
1,77,130
1,77,133
1,77,152
1,78,79
1,78,81
1,78,83
1,78,84
1,78,85
1,78,87
1,78,91
1,78,94
1,78,99
1,78,102
1,78,103
1,78,104
1,78,105
1,78,106
1,78,107
1,78,108
1,78,109
1,78,110
1,78,111
1,78,115
1,78,118
1,78,119
1,78,120
1,78,121
1,78,122
1,78,124
1,78,125
1,78,126
1,78,130
1,78,133
1,78,152
1,79,81
1,79,83
1,79,84
1,79,85
1,79,87
1,79,91
1,79,94
1,79,99
1,79,102
1,79,103
1,79,104
1,79,105
1,79,106
1,79,107
1,79,108
1,79,109
1,79,110
1,79,111
1,79,115
1,79,118
1,79,119
1,79,120
1,79,121
1,79,122
1,79,124
1,79,125
1,79,126
1,79,130
1,79,133
1,79,152
1,80,82
1,80,86
1,80,88
1,80,89
1,80,90
1,80,92
1,80,93
1,80,95
1,80,96
1,80,97
1,80,101
1,80,112
1,80,113
1,80,123
1,80,127
1,80,128
1,80,129
1,80,132
1,80,134
1,80,135
1,80,139
1,80,169
1,80,170
1,80,172
1,80,174
1,80,176
1,80,177
1,81,83
1,81,84
1,81,85
1,81,87
1,81,91
1,81,94
1,81,99
1,81,102
1,81,103
1,81,104
1,81,105
1,81,106
1,81,107
1,81,108
1,81,109
1,81,110
1,81,111
1,81,115
1,81,118
1,81,119
1,81,120
1,81,121
1,81,122
1,81,124
1,81,125
1,81,126
1,81,130
1,81,133
1,81,152
1,82,86
1,82,88
1,82,89
1,82,90
1,82,92
1,82,93
1,82,95
1,82,96
1,82,97
1,82,101
1,82,112
1,82,113
1,82,123
1,82,127
1,82,128
1,82,129
1,82,132
1,82,134
1,82,135
1,82,139
1,82,169
1,82,170
1,82,172
1,82,174
1,82,176
1,82,177
1,83,84
1,83,85
1,83,87
1,83,91
1,83,94
1,83,99
1,83,102
1,83,103
1,83,104
1,83,105
1,83,106
1,83,107
1,83,108
1,83,109
1,83,110
1,83,111
1,83,115
1,83,118
1,83,119
1,83,120
1,83,121
1,83,122
1,83,124
1,83,125
1,83,126
1,83,130
1,83,133
1,83,152
1,84,85
1,84,87
1,84,91
1,84,94
1,84,99
1,84,102
1,84,103
1,84,104
1,84,105
1,84,106
1,84,107
1,84,108
1,84,109
1,84,110
1,84,111
1,84,115
1,84,118
1,84,119
1,84,120
1,84,121
1,84,122
1,84,124
1,84,125
1,84,126
1,84,130
1,84,133
1,84,152
1,85,87
1,85,91
1,85,94
1,85,99
1,85,102
1,85,103
1,85,104
1,85,105
1,85,106
1,85,107
1,85,108
1,85,109
1,85,110
1,85,111
1,85,115
1,85,118
1,85,119
1,85,120
1,85,121
1,85,122
1,85,124
1,85,125
1,85,126
1,85,130
1,85,133
1,85,152
1,86,88
1,86,89
1,86,90
1,86,92
1,86,93
1,86,95
1,86,96
1,86,97
1,86,101
1,86,112
1,86,113
1,86,123
1,86,127
1,86,128
1,86,129
1,86,132
1,86,134
1,86,135
1,86,139
1,86,169
1,86,170
1,86,172
1,86,174
1,86,176
1,86,177
1,87,91
1,87,94
1,87,99
1,87,102
1,87,103
1,87,104
1,87,105
1,87,106
1,87,107
1,87,108
1,87,109
1,87,110
1,87,111
1,87,115
1,87,118
1,87,119
1,87,120
1,87,121
1,87,122
1,87,124
1,87,125
1,87,126
1,87,130
1,87,133
1,87,152
1,88,89
1,88,90
1,88,92
1,88,93
1,88,95
1,88,96
1,88,97
1,88,101
1,88,112
1,88,113
1,88,123
1,88,127
1,88,128
1,88,129
1,88,132
1,88,134
1,88,135
1,88,139
1,88,169
1,88,170
1,88,172
1,88,174
1,88,176
1,88,177
1,89,90
1,89,92
1,89,93
1,89,95
1,89,96
1,89,97
1,89,101
1,89,112
1,89,113
1,89,123
1,89,127
1,89,128
1,89,129
1,89,132
1,89,134
1,89,135
1,89,139
1,89,169
1,89,170
1,89,172
1,89,174
1,89,176
1,89,177
1,90,92
1,90,93
1,90,95
1,90,96
1,90,97
1,90,101
1,90,112
1,90,113
1,90,123
1,90,127
1,90,128
1,90,129
1,90,132
1,90,134
1,90,135
1,90,139
1,90,169
1,90,170
1,90,172
1,90,174
1,90,176
1,90,177
1,91,94
1,91,99
1,91,102
1,91,103
1,91,104
1,91,105
1,91,106
1,91,107
1,91,108
1,91,109
1,91,110
1,91,111
1,91,115
1,91,118
1,91,119
1,91,120
1,91,121
1,91,122
1,91,124
1,91,125
1,91,126
1,91,130
1,91,133
1,91,152
1,92,93
1,92,95
1,92,96
1,92,97
1,92,101
1,92,112
1,92,113
1,92,123
1,92,127
1,92,128
1,92,129
1,92,132
1,92,134
1,92,135
1,92,139
1,92,169
1,92,170
1,92,172
1,92,174
1,92,176
1,92,177
1,93,95
1,93,96
1,93,97
1,93,101
1,93,112
1,93,113
1,93,123
1,93,127
1,93,128
1,93,129
1,93,132
1,93,134
1,93,135
1,93,139
1,93,169
1,93,170
1,93,172
1,93,174
1,93,176
1,93,177
1,94,99
1,94,102
1,94,103
1,94,104
1,94,105
1,94,106
1,94,107
1,94,108
1,94,109
1,94,110
1,94,111
1,94,115
1,94,118
1,94,119
1,94,120
1,94,121
1,94,122
1,94,124
1,94,125
1,94,126
1,94,130
1,94,133
1,94,152
1,95,96
1,95,97
1,95,101
1,95,112
1,95,113
1,95,123
1,95,127
1,95,128
1,95,129
1,95,132
1,95,134
1,95,135
1,95,139
1,95,169
1,95,170
1,95,172
1,95,174
1,95,176
1,95,177
1,96,97
1,96,101
1,96,112
1,96,113
1,96,123
1,96,127
1,96,128
1,96,129
1,96,132
1,96,134
1,96,135
1,96,139
1,96,169
1,96,170
1,96,172
1,96,174
1,96,176
1,96,177
1,97,101
1,97,112
1,97,113
1,97,123
1,97,127
1,97,128
1,97,129
1,97,132
1,97,134
1,97,135
1,97,139
1,97,169
1,97,170
1,97,172
1,97,174
1,97,176
1,97,177
1,98,100
1,98,114
1,98,116
1,98,117
1,98,131
1,98,136
1,98,137
1,98,138
1,98,140
1,98,141
1,98,142
1,98,143
1,98,144
1,98,145
1,98,146
1,98,147
1,98,148
1,98,149
1,98,150
1,98,151
1,98,153
1,98,154
1,98,155
1,98,156
1,98,157
1,98,158
1,98,159
1,98,160
1,98,161
1,98,162
1,98,163
1,98,164
1,98,165
1,98,166
1,98,167
1,98,168
1,98,171
1,98,173
1,98,175
1,99,102
1,99,103
1,99,104
1,99,105
1,99,106
1,99,107
1,99,108
1,99,109
1,99,110
1,99,111
1,99,115
1,99,118
1,99,119
1,99,120
1,99,121
1,99,122
1,99,124
1,99,125
1,99,126
1,99,130
1,99,133
1,99,152
1,100,114
1,100,116
1,100,117
1,100,131
1,100,136
1,100,137
1,100,138
1,100,140
1,100,141
1,100,142
1,100,143
1,100,144
1,100,145
1,100,146
1,100,147
1,100,148
1,100,149
1,100,150
1,100,151
1,100,153
1,100,154
1,100,155
1,100,156
1,100,157
1,100,158
1,100,159
1,100,160
1,100,161
1,100,162
1,100,163
1,100,164
1,100,165
1,100,166
1,100,167
1,100,168
1,100,171
1,100,173
1,100,175
1,101,112
1,101,113
1,101,123
1,101,127
1,101,128
1,101,129
1,101,132
1,101,134
1,101,135
1,101,139
1,101,169
1,101,170
1,101,172
1,101,174
1,101,176
1,101,177
1,102,103
1,102,104
1,102,105
1,102,106
1,102,107
1,102,108
1,102,109
1,102,110
1,102,111
1,102,115
1,102,118
1,102,119
1,102,120
1,102,121
1,102,122
1,102,124
1,102,125
1,102,126
1,102,130
1,102,133
1,102,152
1,103,104
1,103,105
1,103,106
1,103,107
1,103,108
1,103,109
1,103,110
1,103,111
1,103,115
1,103,118
1,103,119
1,103,120
1,103,121
1,103,122
1,103,124
1,103,125
1,103,126
1,103,130
1,103,133
1,103,152
1,104,105
1,104,106
1,104,107
1,104,108
1,104,109
1,104,110
1,104,111
1,104,115
1,104,118
1,104,119
1,104,120
1,104,121
1,104,122
1,104,124
1,104,125
1,104,126
1,104,130
1,104,133
1,104,152
1,105,106
1,105,107
1,105,108
1,105,109
1,105,110
1,105,111
1,105,115
1,105,118
1,105,119
1,105,120
1,105,121
1,105,122
1,105,124
1,105,125
1,105,126
1,105,130
1,105,133
1,105,152
1,106,107
1,106,108
1,106,109
1,106,110
1,106,111
1,106,115
1,106,118
1,106,119
1,106,120
1,106,121
1,106,122
1,106,124
1,106,125
1,106,126
1,106,130
1,106,133
1,106,152
1,107,108
1,107,109
1,107,110
1,107,111
1,107,115
1,107,118
1,107,119
1,107,120
1,107,121
1,107,122
1,107,124
1,107,125
1,107,126
1,107,130
1,107,133
1,107,152
1,108,109
1,108,110
1,108,111
1,108,115
1,108,118
1,108,119
1,108,120
1,108,121
1,108,122
1,108,124
1,108,125
1,108,126
1,108,130
1,108,133
1,108,152
1,109,110
1,109,111
1,109,115
1,109,118
1,109,119
1,109,120
1,109,121
1,109,122
1,109,124
1,109,125
1,109,126
1,109,130
1,109,133
1,109,152
1,110,111
1,110,115
1,110,118
1,110,119
1,110,120
1,110,121
1,110,122
1,110,124
1,110,125
1,110,126
1,110,130
1,110,133
1,110,152
1,111,115
1,111,118
1,111,119
1,111,120
1,111,121
1,111,122
1,111,124
1,111,125
1,111,126
1,111,130
1,111,133
1,111,152
1,112,113
1,112,123
1,112,127
1,112,128
1,112,129
1,112,132
1,112,134
1,112,135
1,112,139
1,112,169
1,112,170
1,112,172
1,112,174
1,112,176
1,112,177
1,113,123
1,113,127
1,113,128
1,113,129
1,113,132
1,113,134
1,113,135
1,113,139
1,113,169
1,113,170
1,113,172
1,113,174
1,113,176
1,113,177
1,114,116
1,114,117
1,114,131
1,114,136
1,114,137
1,114,138
1,114,140
1,114,141
1,114,142
1,114,143
1,114,144
1,114,145
1,114,146
1,114,147
1,114,148
1,114,149
1,114,150
1,114,151
1,114,153
1,114,154
1,114,155
1,114,156
1,114,157
1,114,158
1,114,159
1,114,160
1,114,161
1,114,162
1,114,163
1,114,164
1,114,165
1,114,166
1,114,167
1,114,168
1,114,171
1,114,173
1,114,175
1,115,118
1,115,119
1,115,120
1,115,121
1,115,122
1,115,124
1,115,125
1,115,126
1,115,130
1,115,133
1,115,152
1,116,117
1,116,131
1,116,136
1,116,137
1,116,138
1,116,140
1,116,141
1,116,142
1,116,143
1,116,144
1,116,145
1,116,146
1,116,147
1,116,148
1,116,149
1,116,150
1,116,151
1,116,153
1,116,154
1,116,155
1,116,156
1,116,157
1,116,158
1,116,159
1,116,160
1,116,161
1,116,162
1,116,163
1,116,164
1,116,165
1,116,166
1,116,167
1,116,168
1,116,171
1,116,173
1,116,175
1,117,131
1,117,136
1,117,137
1,117,138
1,117,140
1,117,141
1,117,142
1,117,143
1,117,144
1,117,145
1,117,146
1,117,147
1,117,148
1,117,149
1,117,150
1,117,151
1,117,153
1,117,154
1,117,155
1,117,156
1,117,157
1,117,158
1,117,159
1,117,160
1,117,161
1,117,162
1,117,163
1,117,164
1,117,165
1,117,166
1,117,167
1,117,168
1,117,171
1,117,173
1,117,175
1,118,119
1,118,120
1,118,121
1,118,122
1,118,124
1,118,125
1,118,126
1,118,130
1,118,133
1,118,152
1,119,120
1,119,121
1,119,122
1,119,124
1,119,125
1,119,126
1,119,130
1,119,133
1,119,152
1,120,121
1,120,122
1,120,124
1,120,125
1,120,126
1,120,130
1,120,133
1,120,152
1,121,122
1,121,124
1,121,125
1,121,126
1,121,130
1,121,133
1,121,152
1,122,124
1,122,125
1,122,126
1,122,130
1,122,133
1,122,152
1,123,127
1,123,128
1,123,129
1,123,132
1,123,134
1,123,135
1,123,139
1,123,169
1,123,170
1,123,172
1,123,174
1,123,176
1,123,177
1,124,125
1,124,126
1,124,130
1,124,133
1,124,152
1,125,126
1,125,130
1,125,133
1,125,152
1,126,130
1,126,133
1,126,152
1,127,128
1,127,129
1,127,132
1,127,134
1,127,135
1,127,139
1,127,169
1,127,170
1,127,172
1,127,174
1,127,176
1,127,177
1,128,129
1,128,132
1,128,134
1,128,135
1,128,139
1,128,169
1,128,170
1,128,172
1,128,174
1,128,176
1,128,177
1,129,132
1,129,134
1,129,135
1,129,139
1,129,169
1,129,170
1,129,172
1,129,174
1,129,176
1,129,177
1,130,133
1,130,152
1,131,136
1,131,137
1,131,138
1,131,140
1,131,141
1,131,142
1,131,143
1,131,144
1,131,145
1,131,146
1,131,147
1,131,148
1,131,149
1,131,150
1,131,151
1,131,153
1,131,154
1,131,155
1,131,156
1,131,157
1,131,158
1,131,159
1,131,160
1,131,161
1,131,162
1,131,163
1,131,164
1,131,165
1,131,166
1,131,167
1,131,168
1,131,171
1,131,173
1,131,175
1,132,134
1,132,135
1,132,139
1,132,169
1,132,170
1,132,172
1,132,174
1,132,176
1,132,177
1,133,152
1,134,135
1,134,139
1,134,169
1,134,170
1,134,172
1,134,174
1,134,176
1,134,177
1,135,139
1,135,169
1,135,170
1,135,172
1,135,174
1,135,176
1,135,177
1,136,137
1,136,138
1,136,140
1,136,141
1,136,142
1,136,143
1,136,144
1,136,145
1,136,146
1,136,147
1,136,148
1,136,149
1,136,150
1,136,151
1,136,153
1,136,154
1,136,155
1,136,156
1,136,157
1,136,158
1,136,159
1,136,160
1,136,161
1,136,162
1,136,163
1,136,164
1,136,165
1,136,166
1,136,167
1,136,168
1,136,171
1,136,173
1,136,175
1,137,138
1,137,140
1,137,141
1,137,142
1,137,143
1,137,144
1,137,145
1,137,146
1,137,147
1,137,148
1,137,149
1,137,150
1,137,151
1,137,153
1,137,154
1,137,155
1,137,156
1,137,157
1,137,158
1,137,159
1,137,160
1,137,161
1,137,162
1,137,163
1,137,164
1,137,165
1,137,166
1,137,167
1,137,168
1,137,171
1,137,173
1,137,175
1,138,140
1,138,141
1,138,142
1,138,143
1,138,144
1,138,145
1,138,146
1,138,147
1,138,148
1,138,149
1,138,150
1,138,151
1,138,153
1,138,154
1,138,155
1,138,156
1,138,157
1,138,158
1,138,159
1,138,160
1,138,161
1,138,162
1,138,163
1,138,164
1,138,165
1,138,166
1,138,167
1,138,168
1,138,171
1,138,173
1,138,175
1,139,169
1,139,170
1,139,172
1,139,174
1,139,176
1,139,177
1,140,141
1,140,142
1,140,143
1,140,144
1,140,145
1,140,146
1,140,147
1,140,148
1,140,149
1,140,150
1,140,151
1,140,153
1,140,154
1,140,155
1,140,156
1,140,157
1,140,158
1,140,159
1,140,160
1,140,161
1,140,162
1,140,163
1,140,164
1,140,165
1,140,166
1,140,167
1,140,168
1,140,171
1,140,173
1,140,175
1,141,142
1,141,143
1,141,144
1,141,145
1,141,146
1,141,147
1,141,148
1,141,149
1,141,150
1,141,151
1,141,153
1,141,154
1,141,155
1,141,156
1,141,157
1,141,158
1,141,159
1,141,160
1,141,161
1,141,162
1,141,163
1,141,164
1,141,165
1,141,166
1,141,167
1,141,168
1,141,171
1,141,173
1,141,175
1,142,143
1,142,144
1,142,145
1,142,146
1,142,147
1,142,148
1,142,149
1,142,150
1,142,151
1,142,153
1,142,154
1,142,155
1,142,156
1,142,157
1,142,158
1,142,159
1,142,160
1,142,161
1,142,162
1,142,163
1,142,164
1,142,165
1,142,166
1,142,167
1,142,168
1,142,171
1,142,173
1,142,175
1,143,144
1,143,145
1,143,146
1,143,147
1,143,148
1,143,149
1,143,150
1,143,151
1,143,153
1,143,154
1,143,155
1,143,156
1,143,157
1,143,158
1,143,159
1,143,160
1,143,161
1,143,162
1,143,163
1,143,164
1,143,165
1,143,166
1,143,167
1,143,168
1,143,171
1,143,173
1,143,175
1,144,145
1,144,146
1,144,147
1,144,148
1,144,149
1,144,150
1,144,151
1,144,153
1,144,154
1,144,155
1,144,156
1,144,157
1,144,158
1,144,159
1,144,160
1,144,161
1,144,162
1,144,163
1,144,164
1,144,165
1,144,166
1,144,167
1,144,168
1,144,171
1,144,173
1,144,175
1,145,146
1,145,147
1,145,148
1,145,149
1,145,150
1,145,151
1,145,153
1,145,154
1,145,155
1,145,156
1,145,157
1,145,158
1,145,159
1,145,160
1,145,161
1,145,162
1,145,163
1,145,164
1,145,165
1,145,166
1,145,167
1,145,168
1,145,171
1,145,173
1,145,175
1,146,147
1,146,148
1,146,149
1,146,150
1,146,151
1,146,153
1,146,154
1,146,155
1,146,156
1,146,157
1,146,158
1,146,159
1,146,160
1,146,161
1,146,162
1,146,163
1,146,164
1,146,165
1,146,166
1,146,167
1,146,168
1,146,171
1,146,173
1,146,175
1,147,148
1,147,149
1,147,150
1,147,151
1,147,153
1,147,154
1,147,155
1,147,156
1,147,157
1,147,158
1,147,159
1,147,160
1,147,161
1,147,162
1,147,163
1,147,164
1,147,165
1,147,166
1,147,167
1,147,168
1,147,171
1,147,173
1,147,175
1,148,149
1,148,150
1,148,151
1,148,153
1,148,154
1,148,155
1,148,156
1,148,157
1,148,158
1,148,159
1,148,160
1,148,161
1,148,162
1,148,163
1,148,164
1,148,165
1,148,166
1,148,167
1,148,168
1,148,171
1,148,173
1,148,175
1,149,150
1,149,151
1,149,153
1,149,154
1,149,155
1,149,156
1,149,157
1,149,158
1,149,159
1,149,160
1,149,161
1,149,162
1,149,163
1,149,164
1,149,165
1,149,166
1,149,167
1,149,168
1,149,171
1,149,173
1,149,175
1,150,151
1,150,153
1,150,154
1,150,155
1,150,156
1,150,157
1,150,158
1,150,159
1,150,160
1,150,161
1,150,162
1,150,163
1,150,164
1,150,165
1,150,166
1,150,167
1,150,168
1,150,171
1,150,173
1,150,175
1,151,153
1,151,154
1,151,155
1,151,156
1,151,157
1,151,158
1,151,159
1,151,160
1,151,161
1,151,162
1,151,163
1,151,164
1,151,165
1,151,166
1,151,167
1,151,168
1,151,171
1,151,173
1,151,175
1,153,154
1,153,155
1,153,156
1,153,157
1,153,158
1,153,159
1,153,160
1,153,161
1,153,162
1,153,163
1,153,164
1,153,165
1,153,166
1,153,167
1,153,168
1,153,171
1,153,173
1,153,175
1,154,155
1,154,156
1,154,157
1,154,158
1,154,159
1,154,160
1,154,161
1,154,162
1,154,163
1,154,164
1,154,165
1,154,166
1,154,167
1,154,168
1,154,171
1,154,173
1,154,175
1,155,156
1,155,157
1,155,158
1,155,159
1,155,160
1,155,161
1,155,162
1,155,163
1,155,164
1,155,165
1,155,166
1,155,167
1,155,168
1,155,171
1,155,173
1,155,175
1,156,157
1,156,158
1,156,159
1,156,160
1,156,161
1,156,162
1,156,163
1,156,164
1,156,165
1,156,166
1,156,167
1,156,168
1,156,171
1,156,173
1,156,175
1,157,158
1,157,159
1,157,160
1,157,161
1,157,162
1,157,163
1,157,164
1,157,165
1,157,166
1,157,167
1,157,168
1,157,171
1,157,173
1,157,175
1,158,159
1,158,160
1,158,161
1,158,162
1,158,163
1,158,164
1,158,165
1,158,166
1,158,167
1,158,168
1,158,171
1,158,173
1,158,175
1,159,160
1,159,161
1,159,162
1,159,163
1,159,164
1,159,165
1,159,166
1,159,167
1,159,168
1,159,171
1,159,173
1,159,175
1,160,161
1,160,162
1,160,163
1,160,164
1,160,165
1,160,166
1,160,167
1,160,168
1,160,171
1,160,173
1,160,175
1,161,162
1,161,163
1,161,164
1,161,165
1,161,166
1,161,167
1,161,168
1,161,171
1,161,173
1,161,175
1,162,163
1,162,164
1,162,165
1,162,166
1,162,167
1,162,168
1,162,171
1,162,173
1,162,175
1,163,164
1,163,165
1,163,166
1,163,167
1,163,168
1,163,171
1,163,173
1,163,175
1,164,165
1,164,166
1,164,167
1,164,168
1,164,171
1,164,173
1,164,175
1,165,166
1,165,167
1,165,168
1,165,171
1,165,173
1,165,175
1,166,167
1,166,168
1,166,171
1,166,173
1,166,175
1,167,168
1,167,171
1,167,173
1,167,175
1,168,171
1,168,173
1,168,175
1,169,170
1,169,172
1,169,174
1,169,176
1,169,177
1,170,172
1,170,174
1,170,176
1,170,177
1,171,173
1,171,175
1,172,174
1,172,176
1,172,177
1,173,175
1,174,176
1,174,177
1,176,177
