UserID,Outcome1ID,Outcome2ID
1,2,1
1,4,1
1,5,1
1,6,1
1,10,1
1,11,1
1,12,1
1,13,1
1,14,1
1,15,1
1,16,1
1,17,1
1,18,1
1,19,1
1,20,1
1,21,1
1,22,1
1,23,1
1,24,1
1,25,1
1,26,1
1,33,1
1,37,1
1,43,1
1,44,1
1,45,1
1,46,1
1,47,1
1,48,1
1,49,1
1,51,1
1,52,1
1,53,1
1,54,1
1,55,1
1,56,1
1,57,1
1,58,1
1,59,1
1,60,1
1,61,1
1,62,1
1,63,1
1,64,1
1,65,1
1,66,1
1,67,1
1,68,1
1,69,1
1,70,1
1,71,1
1,72,1
1,73,1
1,74,1
1,75,1
1,76,1
1,77,1
1,78,1
1,79,1
1,81,1
1,83,1
1,84,1
1,85,1
1,87,1
1,91,1
1,94,1
1,98,1
1,99,1
1,100,1
1,102,1
1,103,1
1,104,1
1,105,1
1,106,1
1,107,1
1,108,1
1,109,1
1,110,1
1,111,1
1,114,1
1,115,1
1,116,1
1,117,1
1,118,1
1,119,1
1,120,1
1,121,1
1,122,1
1,124,1
1,125,1
1,126,1
1,130,1
1,131,1
1,133,1
1,136,1
1,137,1
1,138,1
1,140,1
1,141,1
1,142,1
1,143,1
1,144,1
1,145,1
1,146,1
1,147,1
1,148,1
1,149,1
1,150,1
1,151,1
1,152,1
1,153,1
1,154,1
1,155,1
1,156,1
1,157,1
1,158,1
1,159,1
1,160,1
1,161,1
1,162,1
1,163,1
1,164,1
1,165,1
1,166,1
1,167,1
1,168,1
1,171,1
1,173,1
1,175,1
1,2,3
1,2,7
1,2,8
1,2,9
1,2,10
1,2,12
1,2,13
1,2,21
1,2,27
1,2,28
1,2,29
1,2,30
1,2,31
1,2,32
1,2,34
1,2,35
1,2,36
1,2,38
1,2,39
1,2,40
1,2,41
1,2,42
1,2,43
1,2,44
1,2,45
1,2,46
1,2,47
1,2,48
1,2,49
1,2,50
1,2,51
1,2,52
1,2,53
1,2,54
1,2,55
1,2,56
1,2,57
1,2,58
1,2,59
1,2,60
1,2,61
1,2,62
1,2,63
1,2,64
1,2,65
1,2,66
1,2,67
1,2,68
1,2,69
1,2,70
1,2,71
1,2,72
1,2,73
1,2,74
1,2,75
1,2,76
1,2,77
1,2,78
1,2,79
1,2,80
1,2,81
1,2,82
1,2,83
1,2,84
1,2,85
1,2,86
1,2,87
1,2,88
1,2,89
1,2,90
1,2,91
1,2,92
1,2,93
1,2,94
1,2,95
1,2,96
1,2,97
1,2,99
1,2,101
1,2,102
1,2,103
1,2,104
1,2,105
1,2,106
1,2,107
1,2,108
1,2,109
1,2,110
1,2,111
1,2,112
1,2,113
1,2,115
1,2,118
1,2,119
1,2,120
1,2,121
1,2,122
1,2,123
1,2,124
1,2,125
1,2,126
1,2,127
1,2,128
1,2,129
1,2,130
1,2,132
1,2,133
1,2,134
1,2,135
1,2,139
1,2,152
1,2,169
1,2,170
1,2,172
1,2,174
1,2,176
1,2,177
1,4,3
1,5,3
1,6,3
1,10,3
1,11,3
1,12,3
1,13,3
1,14,3
1,15,3
1,16,3
1,17,3
1,18,3
1,19,3
1,20,3
1,21,3
1,22,3
1,23,3
1,24,3
1,25,3
1,26,3
1,33,3
1,37,3
1,43,3
1,44,3
1,45,3
1,46,3
1,47,3
1,48,3
1,49,3
1,51,3
1,52,3
1,53,3
1,54,3
1,55,3
1,56,3
1,57,3
1,58,3
1,59,3
1,60,3
1,61,3
1,62,3
1,63,3
1,64,3
1,65,3
1,66,3
1,67,3
1,68,3
1,69,3
1,70,3
1,71,3
1,72,3
1,73,3
1,74,3
1,75,3
1,76,3
1,77,3
1,78,3
1,79,3
1,81,3
1,83,3
1,84,3
1,85,3
1,87,3
1,91,3
1,94,3
1,98,3
1,99,3
1,100,3
1,102,3
1,103,3
1,104,3
1,105,3
1,106,3
1,107,3
1,108,3
1,109,3
1,110,3
1,111,3
1,114,3
1,115,3
1,116,3
1,117,3
1,118,3
1,119,3
1,120,3
1,121,3
1,122,3
1,124,3
1,125,3
1,126,3
1,130,3
1,131,3
1,133,3
1,136,3
1,137,3
1,138,3
1,140,3
1,141,3
1,142,3
1,143,3
1,144,3
1,145,3
1,146,3
1,147,3
1,148,3
1,149,3
1,150,3
1,151,3
1,152,3
1,153,3
1,154,3
1,155,3
1,156,3
1,157,3
1,158,3
1,159,3
1,160,3
1,161,3
1,162,3
1,163,3
1,164,3
1,165,3
1,166,3
1,167,3
1,168,3
1,171,3
1,173,3
1,175,3
1,4,7
1,4,8
1,4,9
1,4,10
1,4,12
1,4,13
1,4,21
1,4,27
1,4,28
1,4,29
1,4,30
1,4,31
1,4,32
1,4,34
1,4,35
1,4,36
1,4,38
1,4,39
1,4,40
1,4,41
1,4,42
1,4,43
1,4,44
1,4,45
1,4,46
1,4,47
1,4,48
1,4,49
1,4,50
1,4,51
1,4,52
1,4,53
1,4,54
1,4,55
1,4,56
1,4,57
1,4,58
1,4,59
1,4,60
1,4,61
1,4,62
1,4,63
1,4,64
1,4,65
1,4,66
1,4,67
1,4,68
1,4,69
1,4,70
1,4,71
1,4,72
1,4,73
1,4,74
1,4,75
1,4,76
1,4,77
1,4,78
1,4,79
1,4,80
1,4,81
1,4,82
1,4,83
1,4,84
1,4,85
1,4,86
1,4,87
1,4,88
1,4,89
1,4,90
1,4,91
1,4,92
1,4,93
1,4,94
1,4,95
1,4,96
1,4,97
1,4,99
1,4,101
1,4,102
1,4,103
1,4,104
1,4,105
1,4,106
1,4,107
1,4,108
1,4,109
1,4,110
1,4,111
1,4,112
1,4,113
1,4,115
1,4,118
1,4,119
1,4,120
1,4,121
1,4,122
1,4,123
1,4,124
1,4,125
1,4,126
1,4,127
1,4,128
1,4,129
1,4,130
1,4,132
1,4,133
1,4,134
1,4,135
1,4,139
1,4,152
1,4,169
1,4,170
1,4,172
1,4,174
1,4,176
1,4,177
1,5,7
1,5,8
1,5,9
1,5,10
1,5,12
1,5,13
1,5,21
1,5,27
1,5,28
1,5,29
1,5,30
1,5,31
1,5,32
1,5,34
1,5,35
1,5,36
1,5,38
1,5,39
1,5,40
1,5,41
1,5,42
1,5,43
1,5,44
1,5,45
1,5,46
1,5,47
1,5,48
1,5,49
1,5,50
1,5,51
1,5,52
1,5,53
1,5,54
1,5,55
1,5,56
1,5,57
1,5,58
1,5,59
1,5,60
1,5,61
1,5,62
1,5,63
1,5,64
1,5,65
1,5,66
1,5,67
1,5,68
1,5,69
1,5,70
1,5,71
1,5,72
1,5,73
1,5,74
1,5,75
1,5,76
1,5,77
1,5,78
1,5,79
1,5,80
1,5,81
1,5,82
1,5,83
1,5,84
1,5,85
1,5,86
1,5,87
1,5,88
1,5,89
1,5,90
1,5,91
1,5,92
1,5,93
1,5,94
1,5,95
1,5,96
1,5,97
1,5,99
1,5,101
1,5,102
1,5,103
1,5,104
1,5,105
1,5,106
1,5,107
1,5,108
1,5,109
1,5,110
1,5,111
1,5,112
1,5,113
1,5,115
1,5,118
1,5,119
1,5,120
1,5,121
1,5,122
1,5,123
1,5,124
1,5,125
1,5,126
1,5,127
1,5,128
1,5,129
1,5,130
1,5,132
1,5,133
1,5,134
1,5,135
1,5,139
1,5,152
1,5,169
1,5,170
1,5,172
1,5,174
1,5,176
1,5,177
1,6,7
1,6,8
1,6,9
1,6,10
1,6,12
1,6,13
1,6,21
1,6,27
1,6,28
1,6,29
1,6,30
1,6,31
1,6,32
1,6,34
1,6,35
1,6,36
1,6,38
1,6,39
1,6,40
1,6,41
1,6,42
1,6,43
1,6,44
1,6,45
1,6,46
1,6,47
1,6,48
1,6,49
1,6,50
1,6,51
1,6,52
1,6,53
1,6,54
1,6,55
1,6,56
1,6,57
1,6,58
1,6,59
1,6,60
1,6,61
1,6,62
1,6,63
1,6,64
1,6,65
1,6,66
1,6,67
1,6,68
1,6,69
1,6,70
1,6,71
1,6,72
1,6,73
1,6,74
1,6,75
1,6,76
1,6,77
1,6,78
1,6,79
1,6,80
1,6,81
1,6,82
1,6,83
1,6,84
1,6,85
1,6,86
1,6,87
1,6,88
1,6,89
1,6,90
1,6,91
1,6,92
1,6,93
1,6,94
1,6,95
1,6,96
1,6,97
1,6,99
1,6,101
1,6,102
1,6,103
1,6,104
1,6,105
1,6,106
1,6,107
1,6,108
1,6,109
1,6,110
1,6,111
1,6,112
1,6,113
1,6,115
1,6,118
1,6,119
1,6,120
1,6,121
1,6,122
1,6,123
1,6,124
1,6,125
1,6,126
1,6,127
1,6,128
1,6,129
1,6,130
1,6,132
1,6,133
1,6,134
1,6,135
1,6,139
1,6,152
1,6,169
1,6,170
1,6,172
1,6,174
1,6,176
1,6,177
1,10,7
1,11,7
1,12,7
1,13,7
1,14,7
1,15,7
1,16,7
1,17,7
1,18,7
1,19,7
1,20,7
1,21,7
1,22,7
1,23,7
1,24,7
1,25,7
1,26,7
1,33,7
1,37,7
1,43,7
1,44,7
1,45,7
1,46,7
1,47,7
1,48,7
1,49,7
1,51,7
1,52,7
1,53,7
1,54,7
1,55,7
1,56,7
1,57,7
1,58,7
1,59,7
1,60,7
1,61,7
1,62,7
1,63,7
1,64,7
1,65,7
1,66,7
1,67,7
1,68,7
1,69,7
1,70,7
1,71,7
1,72,7
1,73,7
1,74,7
1,75,7
1,76,7
1,77,7
1,78,7
1,79,7
1,81,7
1,83,7
1,84,7
1,85,7
1,87,7
1,91,7
1,94,7
1,98,7
1,99,7
1,100,7
1,102,7
1,103,7
1,104,7
1,105,7
1,106,7
1,107,7
1,108,7
1,109,7
1,110,7
1,111,7
1,114,7
1,115,7
1,116,7
1,117,7
1,118,7
1,119,7
1,120,7
1,121,7
1,122,7
1,124,7
1,125,7
1,126,7
1,130,7
1,131,7
1,133,7
1,136,7
1,137,7
1,138,7
1,140,7
1,141,7
1,142,7
1,143,7
1,144,7
1,145,7
1,146,7
1,147,7
1,148,7
1,149,7
1,150,7
1,151,7
1,152,7
1,153,7
1,154,7
1,155,7
1,156,7
1,157,7
1,158,7
1,159,7
1,160,7
1,161,7
1,162,7
1,163,7
1,164,7
1,165,7
1,166,7
1,167,7
1,168,7
1,171,7
1,173,7
1,175,7
1,10,8
1,11,8
1,12,8
1,13,8
1,14,8
1,15,8
1,16,8
1,17,8
1,18,8
1,19,8
1,20,8
1,21,8
1,22,8
1,23,8
1,24,8
1,25,8
1,26,8
1,33,8
1,37,8
1,43,8
1,44,8
1,45,8
1,46,8
1,47,8
1,48,8
1,49,8
1,51,8
1,52,8
1,53,8
1,54,8
1,55,8
1,56,8
1,57,8
1,58,8
1,59,8
1,60,8
1,61,8
1,62,8
1,63,8
1,64,8
1,65,8
1,66,8
1,67,8
1,68,8
1,69,8
1,70,8
1,71,8
1,72,8
1,73,8
1,74,8
1,75,8
1,76,8
1,77,8
1,78,8
1,79,8
1,81,8
1,83,8
1,84,8
1,85,8
1,87,8
1,91,8
1,94,8
1,98,8
1,99,8
1,100,8
1,102,8
1,103,8
1,104,8
1,105,8
1,106,8
1,107,8
1,108,8
1,109,8
1,110,8
1,111,8
1,114,8
1,115,8
1,116,8
1,117,8
1,118,8
1,119,8
1,120,8
1,121,8
1,122,8
1,124,8
1,125,8
1,126,8
1,130,8
1,131,8
1,133,8
1,136,8
1,137,8
1,138,8
1,140,8
1,141,8
1,142,8
1,143,8
1,144,8
1,145,8
1,146,8
1,147,8
1,148,8
1,149,8
1,150,8
1,151,8
1,152,8
1,153,8
1,154,8
1,155,8
1,156,8
1,157,8
1,158,8
1,159,8
1,160,8
1,161,8
1,162,8
1,163,8
1,164,8
1,165,8
1,166,8
1,167,8
1,168,8
1,171,8
1,173,8
1,175,8
1,10,9
1,11,9
1,12,9
1,13,9
1,14,9
1,15,9
1,16,9
1,17,9
1,18,9
1,19,9
1,20,9
1,21,9
1,22,9
1,23,9
1,24,9
1,25,9
1,26,9
1,33,9
1,37,9
1,43,9
1,44,9
1,45,9
1,46,9
1,47,9
1,48,9
1,49,9
1,51,9
1,52,9
1,53,9
1,54,9
1,55,9
1,56,9
1,57,9
1,58,9
1,59,9
1,60,9
1,61,9
1,62,9
1,63,9
1,64,9
1,65,9
1,66,9
1,67,9
1,68,9
1,69,9
1,70,9
1,71,9
1,72,9
1,73,9
1,74,9
1,75,9
1,76,9
1,77,9
1,78,9
1,79,9
1,81,9
1,83,9
1,84,9
1,85,9
1,87,9
1,91,9
1,94,9
1,98,9
1,99,9
1,100,9
1,102,9
1,103,9
1,104,9
1,105,9
1,106,9
1,107,9
1,108,9
1,109,9
1,110,9
1,111,9
1,114,9
1,115,9
1,116,9
1,117,9
1,118,9
1,119,9
1,120,9
1,121,9
1,122,9
1,124,9
1,125,9
1,126,9
1,130,9
1,131,9
1,133,9
1,136,9
1,137,9
1,138,9
1,140,9
1,141,9
1,142,9
1,143,9
1,144,9
1,145,9
1,146,9
1,147,9
1,148,9
1,149,9
1,150,9
1,151,9
1,152,9
1,153,9
1,154,9
1,155,9
1,156,9
1,157,9
1,158,9
1,159,9
1,160,9
1,161,9
1,162,9
1,163,9
1,164,9
1,165,9
1,166,9
1,167,9
1,168,9
1,171,9
1,173,9
1,175,9
1,11,10
1,14,10
1,15,10
1,16,10
1,17,10
1,18,10
1,19,10
1,20,10
1,22,10
1,23,10
1,24,10
1,25,10
1,26,10
1,10,27
1,10,28
1,10,29
1,10,30
1,10,31
1,10,32
1,33,10
1,10,34
1,10,35
1,10,36
1,37,10
1,10,38
1,10,39
1,10,40
1,10,41
1,10,42
1,10,50
1,10,80
1,10,82
1,10,86
1,10,88
1,10,89
1,10,90
1,10,92
1,10,93
1,10,95
1,10,96
1,10,97
1,98,10
1,100,10
1,10,101
1,10,112
1,10,113
1,114,10
1,116,10
1,117,10
1,10,123
1,10,127
1,10,128
1,10,129
1,131,10
1,10,132
1,10,134
1,10,135
1,136,10
1,137,10
1,138,10
1,10,139
1,140,10
1,141,10
1,142,10
1,143,10
1,144,10
1,145,10
1,146,10
1,147,10
1,148,10
1,149,10
1,150,10
1,151,10
1,153,10
1,154,10
1,155,10
1,156,10
1,157,10
1,158,10
1,159,10
1,160,10
1,161,10
1,162,10
1,163,10
1,164,10
1,165,10
1,166,10
1,167,10
1,168,10
1,10,169
1,10,170
1,171,10
1,10,172
1,173,10
1,10,174
1,175,10
1,10,176
1,10,177
1,11,12
1,11,13
1,11,21
1,11,27
1,11,28
1,11,29
1,11,30
1,11,31
1,11,32
1,11,34
1,11,35
1,11,36
1,11,38
1,11,39
1,11,40
1,11,41
1,11,42
1,11,43
1,11,44
1,11,45
1,11,46
1,11,47
1,11,48
1,11,49
1,11,50
1,11,51
1,11,52
1,11,53
1,11,54
1,11,55
1,11,56
1,11,57
1,11,58
1,11,59
1,11,60
1,11,61
1,11,62
1,11,63
1,11,64
1,11,65
1,11,66
1,11,67
1,11,68
1,11,69
1,11,70
1,11,71
1,11,72
1,11,73
1,11,74
1,11,75
1,11,76
1,11,77
1,11,78
1,11,79
1,11,80
1,11,81
1,11,82
1,11,83
1,11,84
1,11,85
1,11,86
1,11,87
1,11,88
1,11,89
1,11,90
1,11,91
1,11,92
1,11,93
1,11,94
1,11,95
1,11,96
1,11,97
1,11,99
1,11,101
1,11,102
1,11,103
1,11,104
1,11,105
1,11,106
1,11,107
1,11,108
1,11,109
1,11,110
1,11,111
1,11,112
1,11,113
1,11,115
1,11,118
1,11,119
1,11,120
1,11,121
1,11,122
1,11,123
1,11,124
1,11,125
1,11,126
1,11,127
1,11,128
1,11,129
1,11,130
1,11,132
1,11,133
1,11,134
1,11,135
1,11,139
1,11,152
1,11,169
1,11,170
1,11,172
1,11,174
1,11,176
1,11,177
1,14,12
1,15,12
1,16,12
1,17,12
1,18,12
1,19,12
1,20,12
1,22,12
1,23,12
1,24,12
1,25,12
1,26,12
1,12,27
1,12,28
1,12,29
1,12,30
1,12,31
1,12,32
1,33,12
1,12,34
1,12,35
1,12,36
1,37,12
1,12,38
1,12,39
1,12,40
1,12,41
1,12,42
1,12,50
1,12,80
1,12,82
1,12,86
1,12,88
1,12,89
1,12,90
1,12,92
1,12,93
1,12,95
1,12,96
1,12,97
1,98,12
1,100,12
1,12,101
1,12,112
1,12,113
1,114,12
1,116,12
1,117,12
1,12,123
1,12,127
1,12,128
1,12,129
1,131,12
1,12,132
1,12,134
1,12,135
1,136,12
1,137,12
1,138,12
1,12,139
1,140,12
1,141,12
1,142,12
1,143,12
1,144,12
1,145,12
1,146,12
1,147,12
1,148,12
1,149,12
1,150,12
1,151,12
1,153,12
1,154,12
1,155,12
1,156,12
1,157,12
1,158,12
1,159,12
1,160,12
1,161,12
1,162,12
1,163,12
1,164,12
1,165,12
1,166,12
1,167,12
1,168,12
1,12,169
1,12,170
1,171,12
1,12,172
1,173,12
1,12,174
1,175,12
1,12,176
1,12,177
1,14,13
1,15,13
1,16,13
1,17,13
1,18,13
1,19,13
1,20,13
1,22,13
1,23,13
1,24,13
1,25,13
1,26,13
1,13,27
1,13,28
1,13,29
1,13,30
1,13,31
1,13,32
1,33,13
1,13,34
1,13,35
1,13,36
1,37,13
1,13,38
1,13,39
1,13,40
1,13,41
1,13,42
1,13,50
1,13,80
1,13,82
1,13,86
1,13,88
1,13,89
1,13,90
1,13,92
1,13,93
1,13,95
1,13,96
1,13,97
1,98,13
1,100,13
1,13,101
1,13,112
1,13,113
1,114,13
1,116,13
1,117,13
1,13,123
1,13,127
1,13,128
1,13,129
1,131,13
1,13,132
1,13,134
1,13,135
1,136,13
1,137,13
1,138,13
1,13,139
1,140,13
1,141,13
1,142,13
1,143,13
1,144,13
1,145,13
1,146,13
1,147,13
1,148,13
1,149,13
1,150,13
1,151,13
1,153,13
1,154,13
1,155,13
1,156,13
1,157,13
1,158,13
1,159,13
1,160,13
1,161,13
1,162,13
1,163,13
1,164,13
1,165,13
1,166,13
1,167,13
1,168,13
1,13,169
1,13,170
1,171,13
1,13,172
1,173,13
1,13,174
1,175,13
1,13,176
1,13,177
1,14,21
1,14,27
1,14,28
1,14,29
1,14,30
1,14,31
1,14,32
1,14,34
1,14,35
1,14,36
1,14,38
1,14,39
1,14,40
1,14,41
1,14,42
1,14,43
1,14,44
1,14,45
1,14,46
1,14,47
1,14,48
1,14,49
1,14,50
1,14,51
1,14,52
1,14,53
1,14,54
1,14,55
1,14,56
1,14,57
1,14,58
1,14,59
1,14,60
1,14,61
1,14,62
1,14,63
1,14,64
1,14,65
1,14,66
1,14,67
1,14,68
1,14,69
1,14,70
1,14,71
1,14,72
1,14,73
1,14,74
1,14,75
1,14,76
1,14,77
1,14,78
1,14,79
1,14,80
1,14,81
1,14,82
1,14,83
1,14,84
1,14,85
1,14,86
1,14,87
1,14,88
1,14,89
1,14,90
1,14,91
1,14,92
1,14,93
1,14,94
1,14,95
1,14,96
1,14,97
1,14,99
1,14,101
1,14,102
1,14,103
1,14,104
1,14,105
1,14,106
1,14,107
1,14,108
1,14,109
1,14,110
1,14,111
1,14,112
1,14,113
1,14,115
1,14,118
1,14,119
1,14,120
1,14,121
1,14,122
1,14,123
1,14,124
1,14,125
1,14,126
1,14,127
1,14,128
1,14,129
1,14,130
1,14,132
1,14,133
1,14,134
1,14,135
1,14,139
1,14,152
1,14,169
1,14,170
1,14,172
1,14,174
1,14,176
1,14,177
1,15,21
1,15,27
1,15,28
1,15,29
1,15,30
1,15,31
1,15,32
1,15,34
1,15,35
1,15,36
1,15,38
1,15,39
1,15,40
1,15,41
1,15,42
1,15,43
1,15,44
1,15,45
1,15,46
1,15,47
1,15,48
1,15,49
1,15,50
1,15,51
1,15,52
1,15,53
1,15,54
1,15,55
1,15,56
1,15,57
1,15,58
1,15,59
1,15,60
1,15,61
1,15,62
1,15,63
1,15,64
1,15,65
1,15,66
1,15,67
1,15,68
1,15,69
1,15,70
1,15,71
1,15,72
1,15,73
1,15,74
1,15,75
1,15,76
1,15,77
1,15,78
1,15,79
1,15,80
1,15,81
1,15,82
1,15,83
1,15,84
1,15,85
1,15,86
1,15,87
1,15,88
1,15,89
1,15,90
1,15,91
1,15,92
1,15,93
1,15,94
1,15,95
1,15,96
1,15,97
1,15,99
1,15,101
1,15,102
1,15,103
1,15,104
1,15,105
1,15,106
1,15,107
1,15,108
1,15,109
1,15,110
1,15,111
1,15,112
1,15,113
1,15,115
1,15,118
1,15,119
1,15,120
1,15,121
1,15,122
1,15,123
1,15,124
1,15,125
1,15,126
1,15,127
1,15,128
1,15,129
1,15,130
1,15,132
1,15,133
1,15,134
1,15,135
1,15,139
1,15,152
1,15,169
1,15,170
1,15,172
1,15,174
1,15,176
1,15,177
1,16,21
1,16,27
1,16,28
1,16,29
1,16,30
1,16,31
1,16,32
1,16,34
1,16,35
1,16,36
1,16,38
1,16,39
1,16,40
1,16,41
1,16,42
1,16,43
1,16,44
1,16,45
1,16,46
1,16,47
1,16,48
1,16,49
1,16,50
1,16,51
1,16,52
1,16,53
1,16,54
1,16,55
1,16,56
1,16,57
1,16,58
1,16,59
1,16,60
1,16,61
1,16,62
1,16,63
1,16,64
1,16,65
1,16,66
1,16,67
1,16,68
1,16,69
1,16,70
1,16,71
1,16,72
1,16,73
1,16,74
1,16,75
1,16,76
1,16,77
1,16,78
1,16,79
1,16,80
1,16,81
1,16,82
1,16,83
1,16,84
1,16,85
1,16,86
1,16,87
1,16,88
1,16,89
1,16,90
1,16,91
1,16,92
1,16,93
1,16,94
1,16,95
1,16,96
1,16,97
1,16,99
1,16,101
1,16,102
1,16,103
1,16,104
1,16,105
1,16,106
1,16,107
1,16,108
1,16,109
1,16,110
1,16,111
1,16,112
1,16,113
1,16,115
1,16,118
1,16,119
1,16,120
1,16,121
1,16,122
1,16,123
1,16,124
1,16,125
1,16,126
1,16,127
1,16,128
1,16,129
1,16,130
1,16,132
1,16,133
1,16,134
1,16,135
1,16,139
1,16,152
1,16,169
1,16,170
1,16,172
1,16,174
1,16,176
1,16,177
1,17,21
1,17,27
1,17,28
1,17,29
1,17,30
1,17,31
1,17,32
1,17,34
1,17,35
1,17,36
1,17,38
1,17,39
1,17,40
1,17,41
1,17,42
1,17,43
1,17,44
1,17,45
1,17,46
1,17,47
1,17,48
1,17,49
1,17,50
1,17,51
1,17,52
1,17,53
1,17,54
1,17,55
1,17,56
1,17,57
1,17,58
1,17,59
1,17,60
1,17,61
1,17,62
1,17,63
1,17,64
1,17,65
1,17,66
1,17,67
1,17,68
1,17,69
1,17,70
1,17,71
1,17,72
1,17,73
1,17,74
1,17,75
1,17,76
1,17,77
1,17,78
1,17,79
1,17,80
1,17,81
1,17,82
1,17,83
1,17,84
1,17,85
1,17,86
1,17,87
1,17,88
1,17,89
1,17,90
1,17,91
1,17,92
1,17,93
1,17,94
1,17,95
1,17,96
1,17,97
1,17,99
1,17,101
1,17,102
1,17,103
1,17,104
1,17,105
1,17,106
1,17,107
1,17,108
1,17,109
1,17,110
1,17,111
1,17,112
1,17,113
1,17,115
1,17,118
1,17,119
1,17,120
1,17,121
1,17,122
1,17,123
1,17,124
1,17,125
1,17,126
1,17,127
1,17,128
1,17,129
1,17,130
1,17,132
1,17,133
1,17,134
1,17,135
1,17,139
1,17,152
1,17,169
1,17,170
1,17,172
1,17,174
1,17,176
1,17,177
1,18,21
1,18,27
1,18,28
1,18,29
1,18,30
1,18,31
1,18,32
1,18,34
1,18,35
1,18,36
1,18,38
1,18,39
1,18,40
1,18,41
1,18,42
1,18,43
1,18,44
1,18,45
1,18,46
1,18,47
1,18,48
1,18,49
1,18,50
1,18,51
1,18,52
1,18,53
1,18,54
1,18,55
1,18,56
1,18,57
1,18,58
1,18,59
1,18,60
1,18,61
1,18,62
1,18,63
1,18,64
1,18,65
1,18,66
1,18,67
1,18,68
1,18,69
1,18,70
1,18,71
1,18,72
1,18,73
1,18,74
1,18,75
1,18,76
1,18,77
1,18,78
1,18,79
1,18,80
1,18,81
1,18,82
1,18,83
1,18,84
1,18,85
1,18,86
1,18,87
1,18,88
1,18,89
1,18,90
1,18,91
1,18,92
1,18,93
1,18,94
1,18,95
1,18,96
1,18,97
1,18,99
1,18,101
1,18,102
1,18,103
1,18,104
1,18,105
1,18,106
1,18,107
1,18,108
1,18,109
1,18,110
1,18,111
1,18,112
1,18,113
1,18,115
1,18,118
1,18,119
1,18,120
1,18,121
1,18,122
1,18,123
1,18,124
1,18,125
1,18,126
1,18,127
1,18,128
1,18,129
1,18,130
1,18,132
1,18,133
1,18,134
1,18,135
1,18,139
1,18,152
1,18,169
1,18,170
1,18,172
1,18,174
1,18,176
1,18,177
1,19,21
1,19,27
1,19,28
1,19,29
1,19,30
1,19,31
1,19,32
1,19,34
1,19,35
1,19,36
1,19,38
1,19,39
1,19,40
1,19,41
1,19,42
1,19,43
1,19,44
1,19,45
1,19,46
1,19,47
1,19,48
1,19,49
1,19,50
1,19,51
1,19,52
1,19,53
1,19,54
1,19,55
1,19,56
1,19,57
1,19,58
1,19,59
1,19,60
1,19,61
1,19,62
1,19,63
1,19,64
1,19,65
1,19,66
1,19,67
1,19,68
1,19,69
1,19,70
1,19,71
1,19,72
1,19,73
1,19,74
1,19,75
1,19,76
1,19,77
1,19,78
1,19,79
1,19,80
1,19,81
1,19,82
1,19,83
1,19,84
1,19,85
1,19,86
1,19,87
1,19,88
1,19,89
1,19,90
1,19,91
1,19,92
1,19,93
1,19,94
1,19,95
1,19,96
1,19,97
1,19,99
1,19,101
1,19,102
1,19,103
1,19,104
1,19,105
1,19,106
1,19,107
1,19,108
1,19,109
1,19,110
1,19,111
1,19,112
1,19,113
1,19,115
1,19,118
1,19,119
1,19,120
1,19,121
1,19,122
1,19,123
1,19,124
1,19,125
1,19,126
1,19,127
1,19,128
1,19,129
1,19,130
1,19,132
1,19,133
1,19,134
1,19,135
1,19,139
1,19,152
1,19,169
1,19,170
1,19,172
1,19,174
1,19,176
1,19,177
1,20,21
1,20,27
1,20,28
1,20,29
1,20,30
1,20,31
1,20,32
1,20,34
1,20,35
1,20,36
1,20,38
1,20,39
1,20,40
1,20,41
1,20,42
1,20,43
1,20,44
1,20,45
1,20,46
1,20,47
1,20,48
1,20,49
1,20,50
1,20,51
1,20,52
1,20,53
1,20,54
1,20,55
1,20,56
1,20,57
1,20,58
1,20,59
1,20,60
1,20,61
1,20,62
1,20,63
1,20,64
1,20,65
1,20,66
1,20,67
1,20,68
1,20,69
1,20,70
1,20,71
1,20,72
1,20,73
1,20,74
1,20,75
1,20,76
1,20,77
1,20,78
1,20,79
1,20,80
1,20,81
1,20,82
1,20,83
1,20,84
1,20,85
1,20,86
1,20,87
1,20,88
1,20,89
1,20,90
1,20,91
1,20,92
1,20,93
1,20,94
1,20,95
1,20,96
1,20,97
1,20,99
1,20,101
1,20,102
1,20,103
1,20,104
1,20,105
1,20,106
1,20,107
1,20,108
1,20,109
1,20,110
1,20,111
1,20,112
1,20,113
1,20,115
1,20,118
1,20,119
1,20,120
1,20,121
1,20,122
1,20,123
1,20,124
1,20,125
1,20,126
1,20,127
1,20,128
1,20,129
1,20,130
1,20,132
1,20,133
1,20,134
1,20,135
1,20,139
1,20,152
1,20,169
1,20,170
1,20,172
1,20,174
1,20,176
1,20,177
1,22,21
1,23,21
1,24,21
1,25,21
1,26,21
1,21,27
1,21,28
1,21,29
1,21,30
1,21,31
1,21,32
1,33,21
1,21,34
1,21,35
1,21,36
1,37,21
1,21,38
1,21,39
1,21,40
1,21,41
1,21,42
1,21,50
1,21,80
1,21,82
1,21,86
1,21,88
1,21,89
1,21,90
1,21,92
1,21,93
1,21,95
1,21,96
1,21,97
1,98,21
1,100,21
1,21,101
1,21,112
1,21,113
1,114,21
1,116,21
1,117,21
1,21,123
1,21,127
1,21,128
1,21,129
1,131,21
1,21,132
1,21,134
1,21,135
1,136,21
1,137,21
1,138,21
1,21,139
1,140,21
1,141,21
1,142,21
1,143,21
1,144,21
1,145,21
1,146,21
1,147,21
1,148,21
1,149,21
1,150,21
1,151,21
1,153,21
1,154,21
1,155,21
1,156,21
1,157,21
1,158,21
1,159,21
1,160,21
1,161,21
1,162,21
1,163,21
1,164,21
1,165,21
1,166,21
1,167,21
1,168,21
1,21,169
1,21,170
1,171,21
1,21,172
1,173,21
1,21,174
1,175,21
1,21,176
1,21,177
1,22,27
1,22,28
1,22,29
1,22,30
1,22,31
1,22,32
1,22,34
1,22,35
1,22,36
1,22,38
1,22,39
1,22,40
1,22,41
1,22,42
1,22,43
1,22,44
1,22,45
1,22,46
1,22,47
1,22,48
1,22,49
1,22,50
1,22,51
1,22,52
1,22,53
1,22,54
1,22,55
1,22,56
1,22,57
1,22,58
1,22,59
1,22,60
1,22,61
1,22,62
1,22,63
1,22,64
1,22,65
1,22,66
1,22,67
1,22,68
1,22,69
1,22,70
1,22,71
1,22,72
1,22,73
1,22,74
1,22,75
1,22,76
1,22,77
1,22,78
1,22,79
1,22,80
1,22,81
1,22,82
1,22,83
1,22,84
1,22,85
1,22,86
1,22,87
1,22,88
1,22,89
1,22,90
1,22,91
1,22,92
1,22,93
1,22,94
1,22,95
1,22,96
1,22,97
1,22,99
1,22,101
1,22,102
1,22,103
1,22,104
1,22,105
1,22,106
1,22,107
1,22,108
1,22,109
1,22,110
1,22,111
1,22,112
1,22,113
1,22,115
1,22,118
1,22,119
1,22,120
1,22,121
1,22,122
1,22,123
1,22,124
1,22,125
1,22,126
1,22,127
1,22,128
1,22,129
1,22,130
1,22,132
1,22,133
1,22,134
1,22,135
1,22,139
1,22,152
1,22,169
1,22,170
1,22,172
1,22,174
1,22,176
1,22,177
1,23,27
1,23,28
1,23,29
1,23,30
1,23,31
1,23,32
1,23,34
1,23,35
1,23,36
1,23,38
1,23,39
1,23,40
1,23,41
1,23,42
1,23,43
1,23,44
1,23,45
1,23,46
1,23,47
1,23,48
1,23,49
1,23,50
1,23,51
1,23,52
1,23,53
1,23,54
1,23,55
1,23,56
1,23,57
1,23,58
1,23,59
1,23,60
1,23,61
1,23,62
1,23,63
1,23,64
1,23,65
1,23,66
1,23,67
1,23,68
1,23,69
1,23,70
1,23,71
1,23,72
1,23,73
1,23,74
1,23,75
1,23,76
1,23,77
1,23,78
1,23,79
1,23,80
1,23,81
1,23,82
1,23,83
1,23,84
1,23,85
1,23,86
1,23,87
1,23,88
1,23,89
1,23,90
1,23,91
1,23,92
1,23,93
1,23,94
1,23,95
1,23,96
1,23,97
1,23,99
1,23,101
1,23,102
1,23,103
1,23,104
1,23,105
1,23,106
1,23,107
1,23,108
1,23,109
1,23,110
1,23,111
1,23,112
1,23,113
1,23,115
1,23,118
1,23,119
1,23,120
1,23,121
1,23,122
1,23,123
1,23,124
1,23,125
1,23,126
1,23,127
1,23,128
1,23,129
1,23,130
1,23,132
1,23,133
1,23,134
1,23,135
1,23,139
1,23,152
1,23,169
1,23,170
1,23,172
1,23,174
1,23,176
1,23,177
1,24,27
1,24,28
1,24,29
1,24,30
1,24,31
1,24,32
1,24,34
1,24,35
1,24,36
1,24,38
1,24,39
1,24,40
1,24,41
1,24,42
1,24,43
1,24,44
1,24,45
1,24,46
1,24,47
1,24,48
1,24,49
1,24,50
1,24,51
1,24,52
1,24,53
1,24,54
1,24,55
1,24,56
1,24,57
1,24,58
1,24,59
1,24,60
1,24,61
1,24,62
1,24,63
1,24,64
1,24,65
1,24,66
1,24,67
1,24,68
1,24,69
1,24,70
1,24,71
1,24,72
1,24,73
1,24,74
1,24,75
1,24,76
1,24,77
1,24,78
1,24,79
1,24,80
1,24,81
1,24,82
1,24,83
1,24,84
1,24,85
1,24,86
1,24,87
1,24,88
1,24,89
1,24,90
1,24,91
1,24,92
1,24,93
1,24,94
1,24,95
1,24,96
1,24,97
1,24,99
1,24,101
1,24,102
1,24,103
1,24,104
1,24,105
1,24,106
1,24,107
1,24,108
1,24,109
1,24,110
1,24,111
1,24,112
1,24,113
1,24,115
1,24,118
1,24,119
1,24,120
1,24,121
1,24,122
1,24,123
1,24,124
1,24,125
1,24,126
1,24,127
1,24,128
1,24,129
1,24,130
1,24,132
1,24,133
1,24,134
1,24,135
1,24,139
1,24,152
1,24,169
1,24,170
1,24,172
1,24,174
1,24,176
1,24,177
1,25,27
1,25,28
1,25,29
1,25,30
1,25,31
1,25,32
1,25,34
1,25,35
1,25,36
1,25,38
1,25,39
1,25,40
1,25,41
1,25,42
1,25,43
1,25,44
1,25,45
1,25,46
1,25,47
1,25,48
1,25,49
1,25,50
1,25,51
1,25,52
1,25,53
1,25,54
1,25,55
1,25,56
1,25,57
1,25,58
1,25,59
1,25,60
1,25,61
1,25,62
1,25,63
1,25,64
1,25,65
1,25,66
1,25,67
1,25,68
1,25,69
1,25,70
1,25,71
1,25,72
1,25,73
1,25,74
1,25,75
1,25,76
1,25,77
1,25,78
1,25,79
1,25,80
1,25,81
1,25,82
1,25,83
1,25,84
1,25,85
1,25,86
1,25,87
1,25,88
1,25,89
1,25,90
1,25,91
1,25,92
1,25,93
1,25,94
1,25,95
1,25,96
1,25,97
1,25,99
1,25,101
1,25,102
1,25,103
1,25,104
1,25,105
1,25,106
1,25,107
1,25,108
1,25,109
1,25,110
1,25,111
1,25,112
1,25,113
1,25,115
1,25,118
1,25,119
1,25,120
1,25,121
1,25,122
1,25,123
1,25,124
1,25,125
1,25,126
1,25,127
1,25,128
1,25,129
1,25,130
1,25,132
1,25,133
1,25,134
1,25,135
1,25,139
1,25,152
1,25,169
1,25,170
1,25,172
1,25,174
1,25,176
1,25,177
1,26,27
1,26,28
1,26,29
1,26,30
1,26,31
1,26,32
1,26,34
1,26,35
1,26,36
1,26,38
1,26,39
1,26,40
1,26,41
1,26,42
1,26,43
1,26,44
1,26,45
1,26,46
1,26,47
1,26,48
1,26,49
1,26,50
1,26,51
1,26,52
1,26,53
1,26,54
1,26,55
1,26,56
1,26,57
1,26,58
1,26,59
1,26,60
1,26,61
1,26,62
1,26,63
1,26,64
1,26,65
1,26,66
1,26,67
1,26,68
1,26,69
1,26,70
1,26,71
1,26,72
1,26,73
1,26,74
1,26,75
1,26,76
1,26,77
1,26,78
1,26,79
1,26,80
1,26,81
1,26,82
1,26,83
1,26,84
1,26,85
1,26,86
1,26,87
1,26,88
1,26,89
1,26,90
1,26,91
1,26,92
1,26,93
1,26,94
1,26,95
1,26,96
1,26,97
1,26,99
1,26,101
1,26,102
1,26,103
1,26,104
1,26,105
1,26,106
1,26,107
1,26,108
1,26,109
1,26,110
1,26,111
1,26,112
1,26,113
1,26,115
1,26,118
1,26,119
1,26,120
1,26,121
1,26,122
1,26,123
1,26,124
1,26,125
1,26,126
1,26,127
1,26,128
1,26,129
1,26,130
1,26,132
1,26,133
1,26,134
1,26,135
1,26,139
1,26,152
1,26,169
1,26,170
1,26,172
1,26,174
1,26,176
1,26,177
1,33,27
1,37,27
1,43,27
1,44,27
1,45,27
1,46,27
1,47,27
1,48,27
1,49,27
1,51,27
1,52,27
1,53,27
1,54,27
1,55,27
1,56,27
1,57,27
1,58,27
1,59,27
1,60,27
1,61,27
1,62,27
1,63,27
1,64,27
1,65,27
1,66,27
1,67,27
1,68,27
1,69,27
1,70,27
1,71,27
1,72,27
1,73,27
1,74,27
1,75,27
1,76,27
1,77,27
1,78,27
1,79,27
1,81,27
1,83,27
1,84,27
1,85,27
1,87,27
1,91,27
1,94,27
1,98,27
1,99,27
1,100,27
1,102,27
1,103,27
1,104,27
1,105,27
1,106,27
1,107,27
1,108,27
1,109,27
1,110,27
1,111,27
1,114,27
1,115,27
1,116,27
1,117,27
1,118,27
1,119,27
1,120,27
1,121,27
1,122,27
1,124,27
1,125,27
1,126,27
1,130,27
1,131,27
1,133,27
1,136,27
1,137,27
1,138,27
1,140,27
1,141,27
1,142,27
1,143,27
1,144,27
1,145,27
1,146,27
1,147,27
1,148,27
1,149,27
1,150,27
1,151,27
1,152,27
1,153,27
1,154,27
1,155,27
1,156,27
1,157,27
1,158,27
1,159,27
1,160,27
1,161,27
1,162,27
1,163,27
1,164,27
1,165,27
1,166,27
1,167,27
1,168,27
1,171,27
1,173,27
1,175,27
1,33,28
1,37,28
1,43,28
1,44,28
1,45,28
1,46,28
1,47,28
1,48,28
1,49,28
1,51,28
1,52,28
1,53,28
1,54,28
1,55,28
1,56,28
1,57,28
1,58,28
1,59,28
1,60,28
1,61,28
1,62,28
1,63,28
1,64,28
1,65,28
1,66,28
1,67,28
1,68,28
1,69,28
1,70,28
1,71,28
1,72,28
1,73,28
1,74,28
1,75,28
1,76,28
1,77,28
1,78,28
1,79,28
1,81,28
1,83,28
1,84,28
1,85,28
1,87,28
1,91,28
1,94,28
1,98,28
1,99,28
1,100,28
1,102,28
1,103,28
1,104,28
1,105,28
1,106,28
1,107,28
1,108,28
1,109,28
1,110,28
1,111,28
1,114,28
1,115,28
1,116,28
1,117,28
1,118,28
1,119,28
1,120,28
1,121,28
1,122,28
1,124,28
1,125,28
1,126,28
1,130,28
1,131,28
1,133,28
1,136,28
1,137,28
1,138,28
1,140,28
1,141,28
1,142,28
1,143,28
1,144,28
1,145,28
1,146,28
1,147,28
1,148,28
1,149,28
1,150,28
1,151,28
1,152,28
1,153,28
1,154,28
1,155,28
1,156,28
1,157,28
1,158,28
1,159,28
1,160,28
1,161,28
1,162,28
1,163,28
1,164,28
1,165,28
1,166,28
1,167,28
1,168,28
1,171,28
1,173,28
1,175,28
1,33,29
1,37,29
1,43,29
1,44,29
1,45,29
1,46,29
1,47,29
1,48,29
1,49,29
1,51,29
1,52,29
1,53,29
1,54,29
1,55,29
1,56,29
1,57,29
1,58,29
1,59,29
1,60,29
1,61,29
1,62,29
1,63,29
1,64,29
1,65,29
1,66,29
1,67,29
1,68,29
1,69,29
1,70,29
1,71,29
1,72,29
1,73,29
1,74,29
1,75,29
1,76,29
1,77,29
1,78,29
1,79,29
1,81,29
1,83,29
1,84,29
1,85,29
1,87,29
1,91,29
1,94,29
1,98,29
1,99,29
1,100,29
1,102,29
1,103,29
1,104,29
1,105,29
1,106,29
1,107,29
1,108,29
1,109,29
1,110,29
1,111,29
1,114,29
1,115,29
1,116,29
1,117,29
1,118,29
1,119,29
1,120,29
1,121,29
1,122,29
1,124,29
1,125,29
1,126,29
1,130,29
1,131,29
1,133,29
1,136,29
1,137,29
1,138,29
1,140,29
1,141,29
1,142,29
1,143,29
1,144,29
1,145,29
1,146,29
1,147,29
1,148,29
1,149,29
1,150,29
1,151,29
1,152,29
1,153,29
1,154,29
1,155,29
1,156,29
1,157,29
1,158,29
1,159,29
1,160,29
1,161,29
1,162,29
1,163,29
1,164,29
1,165,29
1,166,29
1,167,29
1,168,29
1,171,29
1,173,29
1,175,29
1,33,30
1,37,30
1,43,30
1,44,30
1,45,30
1,46,30
1,47,30
1,48,30
1,49,30
1,51,30
1,52,30
1,53,30
1,54,30
1,55,30
1,56,30
1,57,30
1,58,30
1,59,30
1,60,30
1,61,30
1,62,30
1,63,30
1,64,30
1,65,30
1,66,30
1,67,30
1,68,30
1,69,30
1,70,30
1,71,30
1,72,30
1,73,30
1,74,30
1,75,30
1,76,30
1,77,30
1,78,30
1,79,30
1,81,30
1,83,30
1,84,30
1,85,30
1,87,30
1,91,30
1,94,30
1,98,30
1,99,30
1,100,30
1,102,30
1,103,30
1,104,30
1,105,30
1,106,30
1,107,30
1,108,30
1,109,30
1,110,30
1,111,30
1,114,30
1,115,30
1,116,30
1,117,30
1,118,30
1,119,30
1,120,30
1,121,30
1,122,30
1,124,30
1,125,30
1,126,30
1,130,30
1,131,30
1,133,30
1,136,30
1,137,30
1,138,30
1,140,30
1,141,30
1,142,30
1,143,30
1,144,30
1,145,30
1,146,30
1,147,30
1,148,30
1,149,30
1,150,30
1,151,30
1,152,30
1,153,30
1,154,30
1,155,30
1,156,30
1,157,30
1,158,30
1,159,30
1,160,30
1,161,30
1,162,30
1,163,30
1,164,30
1,165,30
1,166,30
1,167,30
1,168,30
1,171,30
1,173,30
1,175,30
1,33,31
1,37,31
1,43,31
1,44,31
1,45,31
1,46,31
1,47,31
1,48,31
1,49,31
1,51,31
1,52,31
1,53,31
1,54,31
1,55,31
1,56,31
1,57,31
1,58,31
1,59,31
1,60,31
1,61,31
1,62,31
1,63,31
1,64,31
1,65,31
1,66,31
1,67,31
1,68,31
1,69,31
1,70,31
1,71,31
1,72,31
1,73,31
1,74,31
1,75,31
1,76,31
1,77,31
1,78,31
1,79,31
1,81,31
1,83,31
1,84,31
1,85,31
1,87,31
1,91,31
1,94,31
1,98,31
1,99,31
1,100,31
1,102,31
1,103,31
1,104,31
1,105,31
1,106,31
1,107,31
1,108,31
1,109,31
1,110,31
1,111,31
1,114,31
1,115,31
1,116,31
1,117,31
1,118,31
1,119,31
1,120,31
1,121,31
1,122,31
1,124,31
1,125,31
1,126,31
1,130,31
1,131,31
1,133,31
1,136,31
1,137,31
1,138,31
1,140,31
1,141,31
1,142,31
1,143,31
1,144,31
1,145,31
1,146,31
1,147,31
1,148,31
1,149,31
1,150,31
1,151,31
1,152,31
1,153,31
1,154,31
1,155,31
1,156,31
1,157,31
1,158,31
1,159,31
1,160,31
1,161,31
1,162,31
1,163,31
1,164,31
1,165,31
1,166,31
1,167,31
1,168,31
1,171,31
1,173,31
1,175,31
1,33,32
1,37,32
1,43,32
1,44,32
1,45,32
1,46,32
1,47,32
1,48,32
1,49,32
1,51,32
1,52,32
1,53,32
1,54,32
1,55,32
1,56,32
1,57,32
1,58,32
1,59,32
1,60,32
1,61,32
1,62,32
1,63,32
1,64,32
1,65,32
1,66,32
1,67,32
1,68,32
1,69,32
1,70,32
1,71,32
1,72,32
1,73,32
1,74,32
1,75,32
1,76,32
1,77,32
1,78,32
1,79,32
1,81,32
1,83,32
1,84,32
1,85,32
1,87,32
1,91,32
1,94,32
1,98,32
1,99,32
1,100,32
1,102,32
1,103,32
1,104,32
1,105,32
1,106,32
1,107,32
1,108,32
1,109,32
1,110,32
1,111,32
1,114,32
1,115,32
1,116,32
1,117,32
1,118,32
1,119,32
1,120,32
1,121,32
1,122,32
1,124,32
1,125,32
1,126,32
1,130,32
1,131,32
1,133,32
1,136,32
1,137,32
1,138,32
1,140,32
1,141,32
1,142,32
1,143,32
1,144,32
1,145,32
1,146,32
1,147,32
1,148,32
1,149,32
1,150,32
1,151,32
1,152,32
1,153,32
1,154,32
1,155,32
1,156,32
1,157,32
1,158,32
1,159,32
1,160,32
1,161,32
1,162,32
1,163,32
1,164,32
1,165,32
1,166,32
1,167,32
1,168,32
1,171,32
1,173,32
1,175,32
1,33,34
1,33,35
1,33,36
1,33,38
1,33,39
1,33,40
1,33,41
1,33,42
1,33,43
1,33,44
1,33,45
1,33,46
1,33,47
1,33,48
1,33,49
1,33,50
1,33,51
1,33,52
1,33,53
1,33,54
1,33,55
1,33,56
1,33,57
1,33,58
1,33,59
1,33,60
1,33,61
1,33,62
1,33,63
1,33,64
1,33,65
1,33,66
1,33,67
1,33,68
1,33,69
1,33,70
1,33,71
1,33,72
1,33,73
1,33,74
1,33,75
1,33,76
1,33,77
1,33,78
1,33,79
1,33,80
1,33,81
1,33,82
1,33,83
1,33,84
1,33,85
1,33,86
1,33,87
1,33,88
1,33,89
1,33,90
1,33,91
1,33,92
1,33,93
1,33,94
1,33,95
1,33,96
1,33,97
1,33,99
1,33,101
1,33,102
1,33,103
1,33,104
1,33,105
1,33,106
1,33,107
1,33,108
1,33,109
1,33,110
1,33,111
1,33,112
1,33,113
1,33,115
1,33,118
1,33,119
1,33,120
1,33,121
1,33,122
1,33,123
1,33,124
1,33,125
1,33,126
1,33,127
1,33,128
1,33,129
1,33,130
1,33,132
1,33,133
1,33,134
1,33,135
1,33,139
1,33,152
1,33,169
1,33,170
1,33,172
1,33,174
1,33,176
1,33,177
1,37,34
1,43,34
1,44,34
1,45,34
1,46,34
1,47,34
1,48,34
1,49,34
1,51,34
1,52,34
1,53,34
1,54,34
1,55,34
1,56,34
1,57,34
1,58,34
1,59,34
1,60,34
1,61,34
1,62,34
1,63,34
1,64,34
1,65,34
1,66,34
1,67,34
1,68,34
1,69,34
1,70,34
1,71,34
1,72,34
1,73,34
1,74,34
1,75,34
1,76,34
1,77,34
1,78,34
1,79,34
1,81,34
1,83,34
1,84,34
1,85,34
1,87,34
1,91,34
1,94,34
1,98,34
1,99,34
1,100,34
1,102,34
1,103,34
1,104,34
1,105,34
1,106,34
1,107,34
1,108,34
1,109,34
1,110,34
1,111,34
1,114,34
1,115,34
1,116,34
1,117,34
1,118,34
1,119,34
1,120,34
1,121,34
1,122,34
1,124,34
1,125,34
1,126,34
1,130,34
1,131,34
1,133,34
1,136,34
1,137,34
1,138,34
1,140,34
1,141,34
1,142,34
1,143,34
1,144,34
1,145,34
1,146,34
1,147,34
1,148,34
1,149,34
1,150,34
1,151,34
1,152,34
1,153,34
1,154,34
1,155,34
1,156,34
1,157,34
1,158,34
1,159,34
1,160,34
1,161,34
1,162,34
1,163,34
1,164,34
1,165,34
1,166,34
1,167,34
1,168,34
1,171,34
1,173,34
1,175,34
1,37,35
1,43,35
1,44,35
1,45,35
1,46,35
1,47,35
1,48,35
1,49,35
1,51,35
1,52,35
1,53,35
1,54,35
1,55,35
1,56,35
1,57,35
1,58,35
1,59,35
1,60,35
1,61,35
1,62,35
1,63,35
1,64,35
1,65,35
1,66,35
1,67,35
1,68,35
1,69,35
1,70,35
1,71,35
1,72,35
1,73,35
1,74,35
1,75,35
1,76,35
1,77,35
1,78,35
1,79,35
1,81,35
1,83,35
1,84,35
1,85,35
1,87,35
1,91,35
1,94,35
1,98,35
1,99,35
1,100,35
1,102,35
1,103,35
1,104,35
1,105,35
1,106,35
1,107,35
1,108,35
1,109,35
1,110,35
1,111,35
1,114,35
1,115,35
1,116,35
1,117,35
1,118,35
1,119,35
1,120,35
1,121,35
1,122,35
1,124,35
1,125,35
1,126,35
1,130,35
1,131,35
1,133,35
1,136,35
1,137,35
1,138,35
1,140,35
1,141,35
1,142,35
1,143,35
1,144,35
1,145,35
1,146,35
1,147,35
1,148,35
1,149,35
1,150,35
1,151,35
1,152,35
1,153,35
1,154,35
1,155,35
1,156,35
1,157,35
1,158,35
1,159,35
1,160,35
1,161,35
1,162,35
1,163,35
1,164,35
1,165,35
1,166,35
1,167,35
1,168,35
1,171,35
1,173,35
1,175,35
1,37,36
1,43,36
1,44,36
1,45,36
1,46,36
1,47,36
1,48,36
1,49,36
1,51,36
1,52,36
1,53,36
1,54,36
1,55,36
1,56,36
1,57,36
1,58,36
1,59,36
1,60,36
1,61,36
1,62,36
1,63,36
1,64,36
1,65,36
1,66,36
1,67,36
1,68,36
1,69,36
1,70,36
1,71,36
1,72,36
1,73,36
1,74,36
1,75,36
1,76,36
1,77,36
1,78,36
1,79,36
1,81,36
1,83,36
1,84,36
1,85,36
1,87,36
1,91,36
1,94,36
1,98,36
1,99,36
1,100,36
1,102,36
1,103,36
1,104,36
1,105,36
1,106,36
1,107,36
1,108,36
1,109,36
1,110,36
1,111,36
1,114,36
1,115,36
1,116,36
1,117,36
1,118,36
1,119,36
1,120,36
1,121,36
1,122,36
1,124,36
1,125,36
1,126,36
1,130,36
1,131,36
1,133,36
1,136,36
1,137,36
1,138,36
1,140,36
1,141,36
1,142,36
1,143,36
1,144,36
1,145,36
1,146,36
1,147,36
1,148,36
1,149,36
1,150,36
1,151,36
1,152,36
1,153,36
1,154,36
1,155,36
1,156,36
1,157,36
1,158,36
1,159,36
1,160,36
1,161,36
1,162,36
1,163,36
1,164,36
1,165,36
1,166,36
1,167,36
1,168,36
1,171,36
1,173,36
1,175,36
1,37,38
1,37,39
1,37,40
1,37,41
1,37,42
1,37,43
1,37,44
1,37,45
1,37,46
1,37,47
1,37,48
1,37,49
1,37,50
1,37,51
1,37,52
1,37,53
1,37,54
1,37,55
1,37,56
1,37,57
1,37,58
1,37,59
1,37,60
1,37,61
1,37,62
1,37,63
1,37,64
1,37,65
1,37,66
1,37,67
1,37,68
1,37,69
1,37,70
1,37,71
1,37,72
1,37,73
1,37,74
1,37,75
1,37,76
1,37,77
1,37,78
1,37,79
1,37,80
1,37,81
1,37,82
1,37,83
1,37,84
1,37,85
1,37,86
1,37,87
1,37,88
1,37,89
1,37,90
1,37,91
1,37,92
1,37,93
1,37,94
1,37,95
1,37,96
1,37,97
1,37,99
1,37,101
1,37,102
1,37,103
1,37,104
1,37,105
1,37,106
1,37,107
1,37,108
1,37,109
1,37,110
1,37,111
1,37,112
1,37,113
1,37,115
1,37,118
1,37,119
1,37,120
1,37,121
1,37,122
1,37,123
1,37,124
1,37,125
1,37,126
1,37,127
1,37,128
1,37,129
1,37,130
1,37,132
1,37,133
1,37,134
1,37,135
1,37,139
1,37,152
1,37,169
1,37,170
1,37,172
1,37,174
1,37,176
1,37,177
1,43,38
1,44,38
1,45,38
1,46,38
1,47,38
1,48,38
1,49,38
1,51,38
1,52,38
1,53,38
1,54,38
1,55,38
1,56,38
1,57,38
1,58,38
1,59,38
1,60,38
1,61,38
1,62,38
1,63,38
1,64,38
1,65,38
1,66,38
1,67,38
1,68,38
1,69,38
1,70,38
1,71,38
1,72,38
1,73,38
1,74,38
1,75,38
1,76,38
1,77,38
1,78,38
1,79,38
1,81,38
1,83,38
1,84,38
1,85,38
1,87,38
1,91,38
1,94,38
1,98,38
1,99,38
1,100,38
1,102,38
1,103,38
1,104,38
1,105,38
1,106,38
1,107,38
1,108,38
1,109,38
1,110,38
1,111,38
1,114,38
1,115,38
1,116,38
1,117,38
1,118,38
1,119,38
1,120,38
1,121,38
1,122,38
1,124,38
1,125,38
1,126,38
1,130,38
1,131,38
1,133,38
1,136,38
1,137,38
1,138,38
1,140,38
1,141,38
1,142,38
1,143,38
1,144,38
1,145,38
1,146,38
1,147,38
1,148,38
1,149,38
1,150,38
1,151,38
1,152,38
1,153,38
1,154,38
1,155,38
1,156,38
1,157,38
1,158,38
1,159,38
1,160,38
1,161,38
1,162,38
1,163,38
1,164,38
1,165,38
1,166,38
1,167,38
1,168,38
1,171,38
1,173,38
1,175,38
1,43,39
1,44,39
1,45,39
1,46,39
1,47,39
1,48,39
1,49,39
1,51,39
1,52,39
1,53,39
1,54,39
1,55,39
1,56,39
1,57,39
1,58,39
1,59,39
1,60,39
1,61,39
1,62,39
1,63,39
1,64,39
1,65,39
1,66,39
1,67,39
1,68,39
1,69,39
1,70,39
1,71,39
1,72,39
1,73,39
1,74,39
1,75,39
1,76,39
1,77,39
1,78,39
1,79,39
1,81,39
1,83,39
1,84,39
1,85,39
1,87,39
1,91,39
1,94,39
1,98,39
1,99,39
1,100,39
1,102,39
1,103,39
1,104,39
1,105,39
1,106,39
1,107,39
1,108,39
1,109,39
1,110,39
1,111,39
1,114,39
1,115,39
1,116,39
1,117,39
1,118,39
1,119,39
1,120,39
1,121,39
1,122,39
1,124,39
1,125,39
1,126,39
1,130,39
1,131,39
1,133,39
1,136,39
1,137,39
1,138,39
1,140,39
1,141,39
1,142,39
1,143,39
1,144,39
1,145,39
1,146,39
1,147,39
1,148,39
1,149,39
1,150,39
1,151,39
1,152,39
1,153,39
1,154,39
1,155,39
1,156,39
1,157,39
1,158,39
1,159,39
1,160,39
1,161,39
1,162,39
1,163,39
1,164,39
1,165,39
1,166,39
1,167,39
1,168,39
1,171,39
1,173,39
1,175,39
1,43,40
1,44,40
1,45,40
1,46,40
1,47,40
1,48,40
1,49,40
1,51,40
1,52,40
1,53,40
1,54,40
1,55,40
1,56,40
1,57,40
1,58,40
1,59,40
1,60,40
1,61,40
1,62,40
1,63,40
1,64,40
1,65,40
1,66,40
1,67,40
1,68,40
1,69,40
1,70,40
1,71,40
1,72,40
1,73,40
1,74,40
1,75,40
1,76,40
1,77,40
1,78,40
1,79,40
1,81,40
1,83,40
1,84,40
1,85,40
1,87,40
1,91,40
1,94,40
1,98,40
1,99,40
1,100,40
1,102,40
1,103,40
1,104,40
1,105,40
1,106,40
1,107,40
1,108,40
1,109,40
1,110,40
1,111,40
1,114,40
1,115,40
1,116,40
1,117,40
1,118,40
1,119,40
1,120,40
1,121,40
1,122,40
1,124,40
1,125,40
1,126,40
1,130,40
1,131,40
1,133,40
1,136,40
1,137,40
1,138,40
1,140,40
1,141,40
1,142,40
1,143,40
1,144,40
1,145,40
1,146,40
1,147,40
1,148,40
1,149,40
1,150,40
1,151,40
1,152,40
1,153,40
1,154,40
1,155,40
1,156,40
1,157,40
1,158,40
1,159,40
1,160,40
1,161,40
1,162,40
1,163,40
1,164,40
1,165,40
1,166,40
1,167,40
1,168,40
1,171,40
1,173,40
1,175,40
1,43,41
1,44,41
1,45,41
1,46,41
1,47,41
1,48,41
1,49,41
1,51,41
1,52,41
1,53,41
1,54,41
1,55,41
1,56,41
1,57,41
1,58,41
1,59,41
1,60,41
1,61,41
1,62,41
1,63,41
1,64,41
1,65,41
1,66,41
1,67,41
1,68,41
1,69,41
1,70,41
1,71,41
1,72,41
1,73,41
1,74,41
1,75,41
1,76,41
1,77,41
1,78,41
1,79,41
1,81,41
1,83,41
1,84,41
1,85,41
1,87,41
1,91,41
1,94,41
1,98,41
1,99,41
1,100,41
1,102,41
1,103,41
1,104,41
1,105,41
1,106,41
1,107,41
1,108,41
1,109,41
1,110,41
1,111,41
1,114,41
1,115,41
1,116,41
1,117,41
1,118,41
1,119,41
1,120,41
1,121,41
1,122,41
1,124,41
1,125,41
1,126,41
1,130,41
1,131,41
1,133,41
1,136,41
1,137,41
1,138,41
1,140,41
1,141,41
1,142,41
1,143,41
1,144,41
1,145,41
1,146,41
1,147,41
1,148,41
1,149,41
1,150,41
1,151,41
1,152,41
1,153,41
1,154,41
1,155,41
1,156,41
1,157,41
1,158,41
1,159,41
1,160,41
1,161,41
1,162,41
1,163,41
1,164,41
1,165,41
1,166,41
1,167,41
1,168,41
1,171,41
1,173,41
1,175,41
1,43,42
1,44,42
1,45,42
1,46,42
1,47,42
1,48,42
1,49,42
1,51,42
1,52,42
1,53,42
1,54,42
1,55,42
1,56,42
1,57,42
1,58,42
1,59,42
1,60,42
1,61,42
1,62,42
1,63,42
1,64,42
1,65,42
1,66,42
1,67,42
1,68,42
1,69,42
1,70,42
1,71,42
1,72,42
1,73,42
1,74,42
1,75,42
1,76,42
1,77,42
1,78,42
1,79,42
1,81,42
1,83,42
1,84,42
1,85,42
1,87,42
1,91,42
1,94,42
1,98,42
1,99,42
1,100,42
1,102,42
1,103,42
1,104,42
1,105,42
1,106,42
1,107,42
1,108,42
1,109,42
1,110,42
1,111,42
1,114,42
1,115,42
1,116,42
1,117,42
1,118,42
1,119,42
1,120,42
1,121,42
1,122,42
1,124,42
1,125,42
1,126,42
1,130,42
1,131,42
1,133,42
1,136,42
1,137,42
1,138,42
1,140,42
1,141,42
1,142,42
1,143,42
1,144,42
1,145,42
1,146,42
1,147,42
1,148,42
1,149,42
1,150,42
1,151,42
1,152,42
1,153,42
1,154,42
1,155,42
1,156,42
1,157,42
1,158,42
1,159,42
1,160,42
1,161,42
1,162,42
1,163,42
1,164,42
1,165,42
1,166,42
1,167,42
1,168,42
1,171,42
1,173,42
1,175,42
1,43,50
1,43,80
1,43,82
1,43,86
1,43,88
1,43,89
1,43,90
1,43,92
1,43,93
1,43,95
1,43,96
1,43,97
1,98,43
1,100,43
1,43,101
1,43,112
1,43,113
1,114,43
1,116,43
1,117,43
1,43,123
1,43,127
1,43,128
1,43,129
1,131,43
1,43,132
1,43,134
1,43,135
1,136,43
1,137,43
1,138,43
1,43,139
1,140,43
1,141,43
1,142,43
1,143,43
1,144,43
1,145,43
1,146,43
1,147,43
1,148,43
1,149,43
1,150,43
1,151,43
1,153,43
1,154,43
1,155,43
1,156,43
1,157,43
1,158,43
1,159,43
1,160,43
1,161,43
1,162,43
1,163,43
1,164,43
1,165,43
1,166,43
1,167,43
1,168,43
1,43,169
1,43,170
1,171,43
1,43,172
1,173,43
1,43,174
1,175,43
1,43,176
1,43,177
1,44,50
1,44,80
1,44,82
1,44,86
1,44,88
1,44,89
1,44,90
1,44,92
1,44,93
1,44,95
1,44,96
1,44,97
1,98,44
1,100,44
1,44,101
1,44,112
1,44,113
1,114,44
1,116,44
1,117,44
1,44,123
1,44,127
1,44,128
1,44,129
1,131,44
1,44,132
1,44,134
1,44,135
1,136,44
1,137,44
1,138,44
1,44,139
1,140,44
1,141,44
1,142,44
1,143,44
1,144,44
1,145,44
1,146,44
1,147,44
1,148,44
1,149,44
1,150,44
1,151,44
1,153,44
1,154,44
1,155,44
1,156,44
1,157,44
1,158,44
1,159,44
1,160,44
1,161,44
1,162,44
1,163,44
1,164,44
1,165,44
1,166,44
1,167,44
1,168,44
1,44,169
1,44,170
1,171,44
1,44,172
1,173,44
1,44,174
1,175,44
1,44,176
1,44,177
1,45,50
1,45,80
1,45,82
1,45,86
1,45,88
1,45,89
1,45,90
1,45,92
1,45,93
1,45,95
1,45,96
1,45,97
1,98,45
1,100,45
1,45,101
1,45,112
1,45,113
1,114,45
1,116,45
1,117,45
1,45,123
1,45,127
1,45,128
1,45,129
1,131,45
1,45,132
1,45,134
1,45,135
1,136,45
1,137,45
1,138,45
1,45,139
1,140,45
1,141,45
1,142,45
1,143,45
1,144,45
1,145,45
1,146,45
1,147,45
1,148,45
1,149,45
1,150,45
1,151,45
1,153,45
1,154,45
1,155,45
1,156,45
1,157,45
1,158,45
1,159,45
1,160,45
1,161,45
1,162,45
1,163,45
1,164,45
1,165,45
1,166,45
1,167,45
1,168,45
1,45,169
1,45,170
1,171,45
1,45,172
1,173,45
1,45,174
1,175,45
1,45,176
1,45,177
1,46,50
1,46,80
1,46,82
1,46,86
1,46,88
1,46,89
1,46,90
1,46,92
1,46,93
1,46,95
1,46,96
1,46,97
1,98,46
1,100,46
1,46,101
1,46,112
1,46,113
1,114,46
1,116,46
1,117,46
1,46,123
1,46,127
1,46,128
1,46,129
1,131,46
1,46,132
1,46,134
1,46,135
1,136,46
1,137,46
1,138,46
1,46,139
1,140,46
1,141,46
1,142,46
1,143,46
1,144,46
1,145,46
1,146,46
1,147,46
1,148,46
1,149,46
1,150,46
1,151,46
1,153,46
1,154,46
1,155,46
1,156,46
1,157,46
1,158,46
1,159,46
1,160,46
1,161,46
1,162,46
1,163,46
1,164,46
1,165,46
1,166,46
1,167,46
1,168,46
1,46,169
1,46,170
1,171,46
1,46,172
1,173,46
1,46,174
1,175,46
1,46,176
1,46,177
1,47,50
1,47,80
1,47,82
1,47,86
1,47,88
1,47,89
1,47,90
1,47,92
1,47,93
1,47,95
1,47,96
1,47,97
1,98,47
1,100,47
1,47,101
1,47,112
1,47,113
1,114,47
1,116,47
1,117,47
1,47,123
1,47,127
1,47,128
1,47,129
1,131,47
1,47,132
1,47,134
1,47,135
1,136,47
1,137,47
1,138,47
1,47,139
1,140,47
1,141,47
1,142,47
1,143,47
1,144,47
1,145,47
1,146,47
1,147,47
1,148,47
1,149,47
1,150,47
1,151,47
1,153,47
1,154,47
1,155,47
1,156,47
1,157,47
1,158,47
1,159,47
1,160,47
1,161,47
1,162,47
1,163,47
1,164,47
1,165,47
1,166,47
1,167,47
1,168,47
1,47,169
1,47,170
1,171,47
1,47,172
1,173,47
1,47,174
1,175,47
1,47,176
1,47,177
1,48,50
1,48,80
1,48,82
1,48,86
1,48,88
1,48,89
1,48,90
1,48,92
1,48,93
1,48,95
1,48,96
1,48,97
1,98,48
1,100,48
1,48,101
1,48,112
1,48,113
1,114,48
1,116,48
1,117,48
1,48,123
1,48,127
1,48,128
1,48,129
1,131,48
1,48,132
1,48,134
1,48,135
1,136,48
1,137,48
1,138,48
1,48,139
1,140,48
1,141,48
1,142,48
1,143,48
1,144,48
1,145,48
1,146,48
1,147,48
1,148,48
1,149,48
1,150,48
1,151,48
1,153,48
1,154,48
1,155,48
1,156,48
1,157,48
1,158,48
1,159,48
1,160,48
1,161,48
1,162,48
1,163,48
1,164,48
1,165,48
1,166,48
1,167,48
1,168,48
1,48,169
1,48,170
1,171,48
1,48,172
1,173,48
1,48,174
1,175,48
1,48,176
1,48,177
1,49,50
1,49,80
1,49,82
1,49,86
1,49,88
1,49,89
1,49,90
1,49,92
1,49,93
1,49,95
1,49,96
1,49,97
1,98,49
1,100,49
1,49,101
1,49,112
1,49,113
1,114,49
1,116,49
1,117,49
1,49,123
1,49,127
1,49,128
1,49,129
1,131,49
1,49,132
1,49,134
1,49,135
1,136,49
1,137,49
1,138,49
1,49,139
1,140,49
1,141,49
1,142,49
1,143,49
1,144,49
1,145,49
1,146,49
1,147,49
1,148,49
1,149,49
1,150,49
1,151,49
1,153,49
1,154,49
1,155,49
1,156,49
1,157,49
1,158,49
1,159,49
1,160,49
1,161,49
1,162,49
1,163,49
1,164,49
1,165,49
1,166,49
1,167,49
1,168,49
1,49,169
1,49,170
1,171,49
1,49,172
1,173,49
1,49,174
1,175,49
1,49,176
1,49,177
1,51,50
1,52,50
1,53,50
1,54,50
1,55,50
1,56,50
1,57,50
1,58,50
1,59,50
1,60,50
1,61,50
1,62,50
1,63,50
1,64,50
1,65,50
1,66,50
1,67,50
1,68,50
1,69,50
1,70,50
1,71,50
1,72,50
1,73,50
1,74,50
1,75,50
1,76,50
1,77,50
1,78,50
1,79,50
1,81,50
1,83,50
1,84,50
1,85,50
1,87,50
1,91,50
1,94,50
1,98,50
1,99,50
1,100,50
1,102,50
1,103,50
1,104,50
1,105,50
1,106,50
1,107,50
1,108,50
1,109,50
1,110,50
1,111,50
1,114,50
1,115,50
1,116,50
1,117,50
1,118,50
1,119,50
1,120,50
1,121,50
1,122,50
1,124,50
1,125,50
1,126,50
1,130,50
1,131,50
1,133,50
1,136,50
1,137,50
1,138,50
1,140,50
1,141,50
1,142,50
1,143,50
1,144,50
1,145,50
1,146,50
1,147,50
1,148,50
1,149,50
1,150,50
1,151,50
1,152,50
1,153,50
1,154,50
1,155,50
1,156,50
1,157,50
1,158,50
1,159,50
1,160,50
1,161,50
1,162,50
1,163,50
1,164,50
1,165,50
1,166,50
1,167,50
1,168,50
1,171,50
1,173,50
1,175,50
1,51,80
1,51,82
1,51,86
1,51,88
1,51,89
1,51,90
1,51,92
1,51,93
1,51,95
1,51,96
1,51,97
1,98,51
1,100,51
1,51,101
1,51,112
1,51,113
1,114,51
1,116,51
1,117,51
1,51,123
1,51,127
1,51,128
1,51,129
1,131,51
1,51,132
1,51,134
1,51,135
1,136,51
1,137,51
1,138,51
1,51,139
1,140,51
1,141,51
1,142,51
1,143,51
1,144,51
1,145,51
1,146,51
1,147,51
1,148,51
1,149,51
1,150,51
1,151,51
1,153,51
1,154,51
1,155,51
1,156,51
1,157,51
1,158,51
1,159,51
1,160,51
1,161,51
1,162,51
1,163,51
1,164,51
1,165,51
1,166,51
1,167,51
1,168,51
1,51,169
1,51,170
1,171,51
1,51,172
1,173,51
1,51,174
1,175,51
1,51,176
1,51,177
1,52,80
1,52,82
1,52,86
1,52,88
1,52,89
1,52,90
1,52,92
1,52,93
1,52,95
1,52,96
1,52,97
1,98,52
1,100,52
1,52,101
1,52,112
1,52,113
1,114,52
1,116,52
1,117,52
1,52,123
1,52,127
1,52,128
1,52,129
1,131,52
1,52,132
1,52,134
1,52,135
1,136,52
1,137,52
1,138,52
1,52,139
1,140,52
1,141,52
1,142,52
1,143,52
1,144,52
1,145,52
1,146,52
1,147,52
1,148,52
1,149,52
1,150,52
1,151,52
1,153,52
1,154,52
1,155,52
1,156,52
1,157,52
1,158,52
1,159,52
1,160,52
1,161,52
1,162,52
1,163,52
1,164,52
1,165,52
1,166,52
1,167,52
1,168,52
1,52,169
1,52,170
1,171,52
1,52,172
1,173,52
1,52,174
1,175,52
1,52,176
1,52,177
1,53,80
1,53,82
1,53,86
1,53,88
1,53,89
1,53,90
1,53,92
1,53,93
1,53,95
1,53,96
1,53,97
1,98,53
1,100,53
1,53,101
1,53,112
1,53,113
1,114,53
1,116,53
1,117,53
1,53,123
1,53,127
1,53,128
1,53,129
1,131,53
1,53,132
1,53,134
1,53,135
1,136,53
1,137,53
1,138,53
1,53,139
1,140,53
1,141,53
1,142,53
1,143,53
1,144,53
1,145,53
1,146,53
1,147,53
1,148,53
1,149,53
1,150,53
1,151,53
1,153,53
1,154,53
1,155,53
1,156,53
1,157,53
1,158,53
1,159,53
1,160,53
1,161,53
1,162,53
1,163,53
1,164,53
1,165,53
1,166,53
1,167,53
1,168,53
1,53,169
1,53,170
1,171,53
1,53,172
1,173,53
1,53,174
1,175,53
1,53,176
1,53,177
1,54,80
1,54,82
1,54,86
1,54,88
1,54,89
1,54,90
1,54,92
1,54,93
1,54,95
1,54,96
1,54,97
1,98,54
1,100,54
1,54,101
1,54,112
1,54,113
1,114,54
1,116,54
1,117,54
1,54,123
1,54,127
1,54,128
1,54,129
1,131,54
1,54,132
1,54,134
1,54,135
1,136,54
1,137,54
1,138,54
1,54,139
1,140,54
1,141,54
1,142,54
1,143,54
1,144,54
1,145,54
1,146,54
1,147,54
1,148,54
1,149,54
1,150,54
1,151,54
1,153,54
1,154,54
1,155,54
1,156,54
1,157,54
1,158,54
1,159,54
1,160,54
1,161,54
1,162,54
1,163,54
1,164,54
1,165,54
1,166,54
1,167,54
1,168,54
1,54,169
1,54,170
1,171,54
1,54,172
1,173,54
1,54,174
1,175,54
1,54,176
1,54,177
1,55,80
1,55,82
1,55,86
1,55,88
1,55,89
1,55,90
1,55,92
1,55,93
1,55,95
1,55,96
1,55,97
1,98,55
1,100,55
1,55,101
1,55,112
1,55,113
1,114,55
1,116,55
1,117,55
1,55,123
1,55,127
1,55,128
1,55,129
1,131,55
1,55,132
1,55,134
1,55,135
1,136,55
1,137,55
1,138,55
1,55,139
1,140,55
1,141,55
1,142,55
1,143,55
1,144,55
1,145,55
1,146,55
1,147,55
1,148,55
1,149,55
1,150,55
1,151,55
1,153,55
1,154,55
1,155,55
1,156,55
1,157,55
1,158,55
1,159,55
1,160,55
1,161,55
1,162,55
1,163,55
1,164,55
1,165,55
1,166,55
1,167,55
1,168,55
1,55,169
1,55,170
1,171,55
1,55,172
1,173,55
1,55,174
1,175,55
1,55,176
1,55,177
1,56,80
1,56,82
1,56,86
1,56,88
1,56,89
1,56,90
1,56,92
1,56,93
1,56,95
1,56,96
1,56,97
1,98,56
1,100,56
1,56,101
1,56,112
1,56,113
1,114,56
1,116,56
1,117,56
1,56,123
1,56,127
1,56,128
1,56,129
1,131,56
1,56,132
1,56,134
1,56,135
1,136,56
1,137,56
1,138,56
1,56,139
1,140,56
1,141,56
1,142,56
1,143,56
1,144,56
1,145,56
1,146,56
1,147,56
1,148,56
1,149,56
1,150,56
1,151,56
1,153,56
1,154,56
1,155,56
1,156,56
1,157,56
1,158,56
1,159,56
1,160,56
1,161,56
1,162,56
1,163,56
1,164,56
1,165,56
1,166,56
1,167,56
1,168,56
1,56,169
1,56,170
1,171,56
1,56,172
1,173,56
1,56,174
1,175,56
1,56,176
1,56,177
1,57,80
1,57,82
1,57,86
1,57,88
1,57,89
1,57,90
1,57,92
1,57,93
1,57,95
1,57,96
1,57,97
1,98,57
1,100,57
1,57,101
1,57,112
1,57,113
1,114,57
1,116,57
1,117,57
1,57,123
1,57,127
1,57,128
1,57,129
1,131,57
1,57,132
1,57,134
1,57,135
1,136,57
1,137,57
1,138,57
1,57,139
1,140,57
1,141,57
1,142,57
1,143,57
1,144,57
1,145,57
1,146,57
1,147,57
1,148,57
1,149,57
1,150,57
1,151,57
1,153,57
1,154,57
1,155,57
1,156,57
1,157,57
1,158,57
1,159,57
1,160,57
1,161,57
1,162,57
1,163,57
1,164,57
1,165,57
1,166,57
1,167,57
1,168,57
1,57,169
1,57,170
1,171,57
1,57,172
1,173,57
1,57,174
1,175,57
1,57,176
1,57,177
1,58,80
1,58,82
1,58,86
1,58,88
1,58,89
1,58,90
1,58,92
1,58,93
1,58,95
1,58,96
1,58,97
1,98,58
1,100,58
1,58,101
1,58,112
1,58,113
1,114,58
1,116,58
1,117,58
1,58,123
1,58,127
1,58,128
1,58,129
1,131,58
1,58,132
1,58,134
1,58,135
1,136,58
1,137,58
1,138,58
1,58,139
1,140,58
1,141,58
1,142,58
1,143,58
1,144,58
1,145,58
1,146,58
1,147,58
1,148,58
1,149,58
1,150,58
1,151,58
1,153,58
1,154,58
1,155,58
1,156,58
1,157,58
1,158,58
1,159,58
1,160,58
1,161,58
1,162,58
1,163,58
1,164,58
1,165,58
1,166,58
1,167,58
1,168,58
1,58,169
1,58,170
1,171,58
1,58,172
1,173,58
1,58,174
1,175,58
1,58,176
1,58,177
1,59,80
1,59,82
1,59,86
1,59,88
1,59,89
1,59,90
1,59,92
1,59,93
1,59,95
1,59,96
1,59,97
1,98,59
1,100,59
1,59,101
1,59,112
1,59,113
1,114,59
1,116,59
1,117,59
1,59,123
1,59,127
1,59,128
1,59,129
1,131,59
1,59,132
1,59,134
1,59,135
1,136,59
1,137,59
1,138,59
1,59,139
1,140,59
1,141,59
1,142,59
1,143,59
1,144,59
1,145,59
1,146,59
1,147,59
1,148,59
1,149,59
1,150,59
1,151,59
1,153,59
1,154,59
1,155,59
1,156,59
1,157,59
1,158,59
1,159,59
1,160,59
1,161,59
1,162,59
1,163,59
1,164,59
1,165,59
1,166,59
1,167,59
1,168,59
1,59,169
1,59,170
1,171,59
1,59,172
1,173,59
1,59,174
1,175,59
1,59,176
1,59,177
1,60,80
1,60,82
1,60,86
1,60,88
1,60,89
1,60,90
1,60,92
1,60,93
1,60,95
1,60,96
1,60,97
1,98,60
1,100,60
1,60,101
1,60,112
1,60,113
1,114,60
1,116,60
1,117,60
1,60,123
1,60,127
1,60,128
1,60,129
1,131,60
1,60,132
1,60,134
1,60,135
1,136,60
1,137,60
1,138,60
1,60,139
1,140,60
1,141,60
1,142,60
1,143,60
1,144,60
1,145,60
1,146,60
1,147,60
1,148,60
1,149,60
1,150,60
1,151,60
1,153,60
1,154,60
1,155,60
1,156,60
1,157,60
1,158,60
1,159,60
1,160,60
1,161,60
1,162,60
1,163,60
1,164,60
1,165,60
1,166,60
1,167,60
1,168,60
1,60,169
1,60,170
1,171,60
1,60,172
1,173,60
1,60,174
1,175,60
1,60,176
1,60,177
1,61,80
1,61,82
1,61,86
1,61,88
1,61,89
1,61,90
1,61,92
1,61,93
1,61,95
1,61,96
1,61,97
1,98,61
1,100,61
1,61,101
1,61,112
1,61,113
1,114,61
1,116,61
1,117,61
1,61,123
1,61,127
1,61,128
1,61,129
1,131,61
1,61,132
1,61,134
1,61,135
1,136,61
1,137,61
1,138,61
1,61,139
1,140,61
1,141,61
1,142,61
1,143,61
1,144,61
1,145,61
1,146,61
1,147,61
1,148,61
1,149,61
1,150,61
1,151,61
1,153,61
1,154,61
1,155,61
1,156,61
1,157,61
1,158,61
1,159,61
1,160,61
1,161,61
1,162,61
1,163,61
1,164,61
1,165,61
1,166,61
1,167,61
1,168,61
1,61,169
1,61,170
1,171,61
1,61,172
1,173,61
1,61,174
1,175,61
1,61,176
1,61,177
1,62,80
1,62,82
1,62,86
1,62,88
1,62,89
1,62,90
1,62,92
1,62,93
1,62,95
1,62,96
1,62,97
1,98,62
1,100,62
1,62,101
1,62,112
1,62,113
1,114,62
1,116,62
1,117,62
1,62,123
1,62,127
1,62,128
1,62,129
1,131,62
1,62,132
1,62,134
1,62,135
1,136,62
1,137,62
1,138,62
1,62,139
1,140,62
1,141,62
1,142,62
1,143,62
1,144,62
1,145,62
1,146,62
1,147,62
1,148,62
1,149,62
1,150,62
1,151,62
1,153,62
1,154,62
1,155,62
1,156,62
1,157,62
1,158,62
1,159,62
1,160,62
1,161,62
1,162,62
1,163,62
1,164,62
1,165,62
1,166,62
1,167,62
1,168,62
1,62,169
1,62,170
1,171,62
1,62,172
1,173,62
1,62,174
1,175,62
1,62,176
1,62,177
1,63,80
1,63,82
1,63,86
1,63,88
1,63,89
1,63,90
1,63,92
1,63,93
1,63,95
1,63,96
1,63,97
1,98,63
1,100,63
1,63,101
1,63,112
1,63,113
1,114,63
1,116,63
1,117,63
1,63,123
1,63,127
1,63,128
1,63,129
1,131,63
1,63,132
1,63,134
1,63,135
1,136,63
1,137,63
1,138,63
1,63,139
1,140,63
1,141,63
1,142,63
1,143,63
1,144,63
1,145,63
1,146,63
1,147,63
1,148,63
1,149,63
1,150,63
1,151,63
1,153,63
1,154,63
1,155,63
1,156,63
1,157,63
1,158,63
1,159,63
1,160,63
1,161,63
1,162,63
1,163,63
1,164,63
1,165,63
1,166,63
1,167,63
1,168,63
1,63,169
1,63,170
1,171,63
1,63,172
1,173,63
1,63,174
1,175,63
1,63,176
1,63,177
1,64,80
1,64,82
1,64,86
1,64,88
1,64,89
1,64,90
1,64,92
1,64,93
1,64,95
1,64,96
1,64,97
1,98,64
1,100,64
1,64,101
1,64,112
1,64,113
1,114,64
1,116,64
1,117,64
1,64,123
1,64,127
1,64,128
1,64,129
1,131,64
1,64,132
1,64,134
1,64,135
1,136,64
1,137,64
1,138,64
1,64,139
1,140,64
1,141,64
1,142,64
1,143,64
1,144,64
1,145,64
1,146,64
1,147,64
1,148,64
1,149,64
1,150,64
1,151,64
1,153,64
1,154,64
1,155,64
1,156,64
1,157,64
1,158,64
1,159,64
1,160,64
1,161,64
1,162,64
1,163,64
1,164,64
1,165,64
1,166,64
1,167,64
1,168,64
1,64,169
1,64,170
1,171,64
1,64,172
1,173,64
1,64,174
1,175,64
1,64,176
1,64,177
1,65,80
1,65,82
1,65,86
1,65,88
1,65,89
1,65,90
1,65,92
1,65,93
1,65,95
1,65,96
1,65,97
1,98,65
1,100,65
1,65,101
1,65,112
1,65,113
1,114,65
1,116,65
1,117,65
1,65,123
1,65,127
1,65,128
1,65,129
1,131,65
1,65,132
1,65,134
1,65,135
1,136,65
1,137,65
1,138,65
1,65,139
1,140,65
1,141,65
1,142,65
1,143,65
1,144,65
1,145,65
1,146,65
1,147,65
1,148,65
1,149,65
1,150,65
1,151,65
1,153,65
1,154,65
1,155,65
1,156,65
1,157,65
1,158,65
1,159,65
1,160,65
1,161,65
1,162,65
1,163,65
1,164,65
1,165,65
1,166,65
1,167,65
1,168,65
1,65,169
1,65,170
1,171,65
1,65,172
1,173,65
1,65,174
1,175,65
1,65,176
1,65,177
1,66,80
1,66,82
1,66,86
1,66,88
1,66,89
1,66,90
1,66,92
1,66,93
1,66,95
1,66,96
1,66,97
1,98,66
1,100,66
1,66,101
1,66,112
1,66,113
1,114,66
1,116,66
1,117,66
1,66,123
1,66,127
1,66,128
1,66,129
1,131,66
1,66,132
1,66,134
1,66,135
1,136,66
1,137,66
1,138,66
1,66,139
1,140,66
1,141,66
1,142,66
1,143,66
1,144,66
1,145,66
1,146,66
1,147,66
1,148,66
1,149,66
1,150,66
1,151,66
1,153,66
1,154,66
1,155,66
1,156,66
1,157,66
1,158,66
1,159,66
1,160,66
1,161,66
1,162,66
1,163,66
1,164,66
1,165,66
1,166,66
1,167,66
1,168,66
1,66,169
1,66,170
1,171,66
1,66,172
1,173,66
1,66,174
1,175,66
1,66,176
1,66,177
1,67,80
1,67,82
1,67,86
1,67,88
1,67,89
1,67,90
1,67,92
1,67,93
1,67,95
1,67,96
1,67,97
1,98,67
1,100,67
1,67,101
1,67,112
1,67,113
1,114,67
1,116,67
1,117,67
1,67,123
1,67,127
1,67,128
1,67,129
1,131,67
1,67,132
1,67,134
1,67,135
1,136,67
1,137,67
1,138,67
1,67,139
1,140,67
1,141,67
1,142,67
1,143,67
1,144,67
1,145,67
1,146,67
1,147,67
1,148,67
1,149,67
1,150,67
1,151,67
1,153,67
1,154,67
1,155,67
1,156,67
1,157,67
1,158,67
1,159,67
1,160,67
1,161,67
1,162,67
1,163,67
1,164,67
1,165,67
1,166,67
1,167,67
1,168,67
1,67,169
1,67,170
1,171,67
1,67,172
1,173,67
1,67,174
1,175,67
1,67,176
1,67,177
1,68,80
1,68,82
1,68,86
1,68,88
1,68,89
1,68,90
1,68,92
1,68,93
1,68,95
1,68,96
1,68,97
1,98,68
1,100,68
1,68,101
1,68,112
1,68,113
1,114,68
1,116,68
1,117,68
1,68,123
1,68,127
1,68,128
1,68,129
1,131,68
1,68,132
1,68,134
1,68,135
1,136,68
1,137,68
1,138,68
1,68,139
1,140,68
1,141,68
1,142,68
1,143,68
1,144,68
1,145,68
1,146,68
1,147,68
1,148,68
1,149,68
1,150,68
1,151,68
1,153,68
1,154,68
1,155,68
1,156,68
1,157,68
1,158,68
1,159,68
1,160,68
1,161,68
1,162,68
1,163,68
1,164,68
1,165,68
1,166,68
1,167,68
1,168,68
1,68,169
1,68,170
1,171,68
1,68,172
1,173,68
1,68,174
1,175,68
1,68,176
1,68,177
1,69,80
1,69,82
1,69,86
1,69,88
1,69,89
1,69,90
1,69,92
1,69,93
1,69,95
1,69,96
1,69,97
1,98,69
1,100,69
1,69,101
1,69,112
1,69,113
1,114,69
1,116,69
1,117,69
1,69,123
1,69,127
1,69,128
1,69,129
1,131,69
1,69,132
1,69,134
1,69,135
1,136,69
1,137,69
1,138,69
1,69,139
1,140,69
1,141,69
1,142,69
1,143,69
1,144,69
1,145,69
1,146,69
1,147,69
1,148,69
1,149,69
1,150,69
1,151,69
1,153,69
1,154,69
1,155,69
1,156,69
1,157,69
1,158,69
1,159,69
1,160,69
1,161,69
1,162,69
1,163,69
1,164,69
1,165,69
1,166,69
1,167,69
1,168,69
1,69,169
1,69,170
1,171,69
1,69,172
1,173,69
1,69,174
1,175,69
1,69,176
1,69,177
1,70,80
1,70,82
1,70,86
1,70,88
1,70,89
1,70,90
1,70,92
1,70,93
1,70,95
1,70,96
1,70,97
1,98,70
1,100,70
1,70,101
1,70,112
1,70,113
1,114,70
1,116,70
1,117,70
1,70,123
1,70,127
1,70,128
1,70,129
1,131,70
1,70,132
1,70,134
1,70,135
1,136,70
1,137,70
1,138,70
1,70,139
1,140,70
1,141,70
1,142,70
1,143,70
1,144,70
1,145,70
1,146,70
1,147,70
1,148,70
1,149,70
1,150,70
1,151,70
1,153,70
1,154,70
1,155,70
1,156,70
1,157,70
1,158,70
1,159,70
1,160,70
1,161,70
1,162,70
1,163,70
1,164,70
1,165,70
1,166,70
1,167,70
1,168,70
1,70,169
1,70,170
1,171,70
1,70,172
1,173,70
1,70,174
1,175,70
1,70,176
1,70,177
1,71,80
1,71,82
1,71,86
1,71,88
1,71,89
1,71,90
1,71,92
1,71,93
1,71,95
1,71,96
1,71,97
1,98,71
1,100,71
1,71,101
1,71,112
1,71,113
1,114,71
1,116,71
1,117,71
1,71,123
1,71,127
1,71,128
1,71,129
1,131,71
1,71,132
1,71,134
1,71,135
1,136,71
1,137,71
1,138,71
1,71,139
1,140,71
1,141,71
1,142,71
1,143,71
1,144,71
1,145,71
1,146,71
1,147,71
1,148,71
1,149,71
1,150,71
1,151,71
1,153,71
1,154,71
1,155,71
1,156,71
1,157,71
1,158,71
1,159,71
1,160,71
1,161,71
1,162,71
1,163,71
1,164,71
1,165,71
1,166,71
1,167,71
1,168,71
1,71,169
1,71,170
1,171,71
1,71,172
1,173,71
1,71,174
1,175,71
1,71,176
1,71,177
1,72,80
1,72,82
1,72,86
1,72,88
1,72,89
1,72,90
1,72,92
1,72,93
1,72,95
1,72,96
1,72,97
1,98,72
1,100,72
1,72,101
1,72,112
1,72,113
1,114,72
1,116,72
1,117,72
1,72,123
1,72,127
1,72,128
1,72,129
1,131,72
1,72,132
1,72,134
1,72,135
1,136,72
1,137,72
1,138,72
1,72,139
1,140,72
1,141,72
1,142,72
1,143,72
1,144,72
1,145,72
1,146,72
1,147,72
1,148,72
1,149,72
1,150,72
1,151,72
1,153,72
1,154,72
1,155,72
1,156,72
1,157,72
1,158,72
1,159,72
1,160,72
1,161,72
1,162,72
1,163,72
1,164,72
1,165,72
1,166,72
1,167,72
1,168,72
1,72,169
1,72,170
1,171,72
1,72,172
1,173,72
1,72,174
1,175,72
1,72,176
1,72,177
1,73,80
1,73,82
1,73,86
1,73,88
1,73,89
1,73,90
1,73,92
1,73,93
1,73,95
1,73,96
1,73,97
1,98,73
1,100,73
1,73,101
1,73,112
1,73,113
1,114,73
1,116,73
1,117,73
1,73,123
1,73,127
1,73,128
1,73,129
1,131,73
1,73,132
1,73,134
1,73,135
1,136,73
1,137,73
1,138,73
1,73,139
1,140,73
1,141,73
1,142,73
1,143,73
1,144,73
1,145,73
1,146,73
1,147,73
1,148,73
1,149,73
1,150,73
1,151,73
1,153,73
1,154,73
1,155,73
1,156,73
1,157,73
1,158,73
1,159,73
1,160,73
1,161,73
1,162,73
1,163,73
1,164,73
1,165,73
1,166,73
1,167,73
1,168,73
1,73,169
1,73,170
1,171,73
1,73,172
1,173,73
1,73,174
1,175,73
1,73,176
1,73,177
1,74,80
1,74,82
1,74,86
1,74,88
1,74,89
1,74,90
1,74,92
1,74,93
1,74,95
1,74,96
1,74,97
1,98,74
1,100,74
1,74,101
1,74,112
1,74,113
1,114,74
1,116,74
1,117,74
1,74,123
1,74,127
1,74,128
1,74,129
1,131,74
1,74,132
1,74,134
1,74,135
1,136,74
1,137,74
1,138,74
1,74,139
1,140,74
1,141,74
1,142,74
1,143,74
1,144,74
1,145,74
1,146,74
1,147,74
1,148,74
1,149,74
1,150,74
1,151,74
1,153,74
1,154,74
1,155,74
1,156,74
1,157,74
1,158,74
1,159,74
1,160,74
1,161,74
1,162,74
1,163,74
1,164,74
1,165,74
1,166,74
1,167,74
1,168,74
1,74,169
1,74,170
1,171,74
1,74,172
1,173,74
1,74,174
1,175,74
1,74,176
1,74,177
1,75,80
1,75,82
1,75,86
1,75,88
1,75,89
1,75,90
1,75,92
1,75,93
1,75,95
1,75,96
1,75,97
1,98,75
1,100,75
1,75,101
1,75,112
1,75,113
1,114,75
1,116,75
1,117,75
1,75,123
1,75,127
1,75,128
1,75,129
1,131,75
1,75,132
1,75,134
1,75,135
1,136,75
1,137,75
1,138,75
1,75,139
1,140,75
1,141,75
1,142,75
1,143,75
1,144,75
1,145,75
1,146,75
1,147,75
1,148,75
1,149,75
1,150,75
1,151,75
1,153,75
1,154,75
1,155,75
1,156,75
1,157,75
1,158,75
1,159,75
1,160,75
1,161,75
1,162,75
1,163,75
1,164,75
1,165,75
1,166,75
1,167,75
1,168,75
1,75,169
1,75,170
1,171,75
1,75,172
1,173,75
1,75,174
1,175,75
1,75,176
1,75,177
1,76,80
1,76,82
1,76,86
1,76,88
1,76,89
1,76,90
1,76,92
1,76,93
1,76,95
1,76,96
1,76,97
1,98,76
1,100,76
1,76,101
1,76,112
1,76,113
1,114,76
1,116,76
1,117,76
1,76,123
1,76,127
1,76,128
1,76,129
1,131,76
1,76,132
1,76,134
1,76,135
1,136,76
1,137,76
1,138,76
1,76,139
1,140,76
1,141,76
1,142,76
1,143,76
1,144,76
1,145,76
1,146,76
1,147,76
1,148,76
1,149,76
1,150,76
1,151,76
1,153,76
1,154,76
1,155,76
1,156,76
1,157,76
1,158,76
1,159,76
1,160,76
1,161,76
1,162,76
1,163,76
1,164,76
1,165,76
1,166,76
1,167,76
1,168,76
1,76,169
1,76,170
1,171,76
1,76,172
1,173,76
1,76,174
1,175,76
1,76,176
1,76,177
1,77,80
1,77,82
1,77,86
1,77,88
1,77,89
1,77,90
1,77,92
1,77,93
1,77,95
1,77,96
1,77,97
1,98,77
1,100,77
1,77,101
1,77,112
1,77,113
1,114,77
1,116,77
1,117,77
1,77,123
1,77,127
1,77,128
1,77,129
1,131,77
1,77,132
1,77,134
1,77,135
1,136,77
1,137,77
1,138,77
1,77,139
1,140,77
1,141,77
1,142,77
1,143,77
1,144,77
1,145,77
1,146,77
1,147,77
1,148,77
1,149,77
1,150,77
1,151,77
1,153,77
1,154,77
1,155,77
1,156,77
1,157,77
1,158,77
1,159,77
1,160,77
1,161,77
1,162,77
1,163,77
1,164,77
1,165,77
1,166,77
1,167,77
1,168,77
1,77,169
1,77,170
1,171,77
1,77,172
1,173,77
1,77,174
1,175,77
1,77,176
1,77,177
1,78,80
1,78,82
1,78,86
1,78,88
1,78,89
1,78,90
1,78,92
1,78,93
1,78,95
1,78,96
1,78,97
1,98,78
1,100,78
1,78,101
1,78,112
1,78,113
1,114,78
1,116,78
1,117,78
1,78,123
1,78,127
1,78,128
1,78,129
1,131,78
1,78,132
1,78,134
1,78,135
1,136,78
1,137,78
1,138,78
1,78,139
1,140,78
1,141,78
1,142,78
1,143,78
1,144,78
1,145,78
1,146,78
1,147,78
1,148,78
1,149,78
1,150,78
1,151,78
1,153,78
1,154,78
1,155,78
1,156,78
1,157,78
1,158,78
1,159,78
1,160,78
1,161,78
1,162,78
1,163,78
1,164,78
1,165,78
1,166,78
1,167,78
1,168,78
1,78,169
1,78,170
1,171,78
1,78,172
1,173,78
1,78,174
1,175,78
1,78,176
1,78,177
1,79,80
1,79,82
1,79,86
1,79,88
1,79,89
1,79,90
1,79,92
1,79,93
1,79,95
1,79,96
1,79,97
1,98,79
1,100,79
1,79,101
1,79,112
1,79,113
1,114,79
1,116,79
1,117,79
1,79,123
1,79,127
1,79,128
1,79,129
1,131,79
1,79,132
1,79,134
1,79,135
1,136,79
1,137,79
1,138,79
1,79,139
1,140,79
1,141,79
1,142,79
1,143,79
1,144,79
1,145,79
1,146,79
1,147,79
1,148,79
1,149,79
1,150,79
1,151,79
1,153,79
1,154,79
1,155,79
1,156,79
1,157,79
1,158,79
1,159,79
1,160,79
1,161,79
1,162,79
1,163,79
1,164,79
1,165,79
1,166,79
1,167,79
1,168,79
1,79,169
1,79,170
1,171,79
1,79,172
1,173,79
1,79,174
1,175,79
1,79,176
1,79,177
1,81,80
1,83,80
1,84,80
1,85,80
1,87,80
1,91,80
1,94,80
1,98,80
1,99,80
1,100,80
1,102,80
1,103,80
1,104,80
1,105,80
1,106,80
1,107,80
1,108,80
1,109,80
1,110,80
1,111,80
1,114,80
1,115,80
1,116,80
1,117,80
1,118,80
1,119,80
1,120,80
1,121,80
1,122,80
1,124,80
1,125,80
1,126,80
1,130,80
1,131,80
1,133,80
1,136,80
1,137,80
1,138,80
1,140,80
1,141,80
1,142,80
1,143,80
1,144,80
1,145,80
1,146,80
1,147,80
1,148,80
1,149,80
1,150,80
1,151,80
1,152,80
1,153,80
1,154,80
1,155,80
1,156,80
1,157,80
1,158,80
1,159,80
1,160,80
1,161,80
1,162,80
1,163,80
1,164,80
1,165,80
1,166,80
1,167,80
1,168,80
1,171,80
1,173,80
1,175,80
1,81,82
1,81,86
1,81,88
1,81,89
1,81,90
1,81,92
1,81,93
1,81,95
1,81,96
1,81,97
1,98,81
1,100,81
1,81,101
1,81,112
1,81,113
1,114,81
1,116,81
1,117,81
1,81,123
1,81,127
1,81,128
1,81,129
1,131,81
1,81,132
1,81,134
1,81,135
1,136,81
1,137,81
1,138,81
1,81,139
1,140,81
1,141,81
1,142,81
1,143,81
1,144,81
1,145,81
1,146,81
1,147,81
1,148,81
1,149,81
1,150,81
1,151,81
1,153,81
1,154,81
1,155,81
1,156,81
1,157,81
1,158,81
1,159,81
1,160,81
1,161,81
1,162,81
1,163,81
1,164,81
1,165,81
1,166,81
1,167,81
1,168,81
1,81,169
1,81,170
1,171,81
1,81,172
1,173,81
1,81,174
1,175,81
1,81,176
1,81,177
1,83,82
1,84,82
1,85,82
1,87,82
1,91,82
1,94,82
1,98,82
1,99,82
1,100,82
1,102,82
1,103,82
1,104,82
1,105,82
1,106,82
1,107,82
1,108,82
1,109,82
1,110,82
1,111,82
1,114,82
1,115,82
1,116,82
1,117,82
1,118,82
1,119,82
1,120,82
1,121,82
1,122,82
1,124,82
1,125,82
1,126,82
1,130,82
1,131,82
1,133,82
1,136,82
1,137,82
1,138,82
1,140,82
1,141,82
1,142,82
1,143,82
1,144,82
1,145,82
1,146,82
1,147,82
1,148,82
1,149,82
1,150,82
1,151,82
1,152,82
1,153,82
1,154,82
1,155,82
1,156,82
1,157,82
1,158,82
1,159,82
1,160,82
1,161,82
1,162,82
1,163,82
1,164,82
1,165,82
1,166,82
1,167,82
1,168,82
1,171,82
1,173,82
1,175,82
1,83,86
1,83,88
1,83,89
1,83,90
1,83,92
1,83,93
1,83,95
1,83,96
1,83,97
1,98,83
1,100,83
1,83,101
1,83,112
1,83,113
1,114,83
1,116,83
1,117,83
1,83,123
1,83,127
1,83,128
1,83,129
1,131,83
1,83,132
1,83,134
1,83,135
1,136,83
1,137,83
1,138,83
1,83,139
1,140,83
1,141,83
1,142,83
1,143,83
1,144,83
1,145,83
1,146,83
1,147,83
1,148,83
1,149,83
1,150,83
1,151,83
1,153,83
1,154,83
1,155,83
1,156,83
1,157,83
1,158,83
1,159,83
1,160,83
1,161,83
1,162,83
1,163,83
1,164,83
1,165,83
1,166,83
1,167,83
1,168,83
1,83,169
1,83,170
1,171,83
1,83,172
1,173,83
1,83,174
1,175,83
1,83,176
1,83,177
1,84,86
1,84,88
1,84,89
1,84,90
1,84,92
1,84,93
1,84,95
1,84,96
1,84,97
1,98,84
1,100,84
1,84,101
1,84,112
1,84,113
1,114,84
1,116,84
1,117,84
1,84,123
1,84,127
1,84,128
1,84,129
1,131,84
1,84,132
1,84,134
1,84,135
1,136,84
1,137,84
1,138,84
1,84,139
1,140,84
1,141,84
1,142,84
1,143,84
1,144,84
1,145,84
1,146,84
1,147,84
1,148,84
1,149,84
1,150,84
1,151,84
1,153,84
1,154,84
1,155,84
1,156,84
1,157,84
1,158,84
1,159,84
1,160,84
1,161,84
1,162,84
1,163,84
1,164,84
1,165,84
1,166,84
1,167,84
1,168,84
1,84,169
1,84,170
1,171,84
1,84,172
1,173,84
1,84,174
1,175,84
1,84,176
1,84,177
1,85,86
1,85,88
1,85,89
1,85,90
1,85,92
1,85,93
1,85,95
1,85,96
1,85,97
1,98,85
1,100,85
1,85,101
1,85,112
1,85,113
1,114,85
1,116,85
1,117,85
1,85,123
1,85,127
1,85,128
1,85,129
1,131,85
1,85,132
1,85,134
1,85,135
1,136,85
1,137,85
1,138,85
1,85,139
1,140,85
1,141,85
1,142,85
1,143,85
1,144,85
1,145,85
1,146,85
1,147,85
1,148,85
1,149,85
1,150,85
1,151,85
1,153,85
1,154,85
1,155,85
1,156,85
1,157,85
1,158,85
1,159,85
1,160,85
1,161,85
1,162,85
1,163,85
1,164,85
1,165,85
1,166,85
1,167,85
1,168,85
1,85,169
1,85,170
1,171,85
1,85,172
1,173,85
1,85,174
1,175,85
1,85,176
1,85,177
1,87,86
1,91,86
1,94,86
1,98,86
1,99,86
1,100,86
1,102,86
1,103,86
1,104,86
1,105,86
1,106,86
1,107,86
1,108,86
1,109,86
1,110,86
1,111,86
1,114,86
1,115,86
1,116,86
1,117,86
1,118,86
1,119,86
1,120,86
1,121,86
1,122,86
1,124,86
1,125,86
1,126,86
1,130,86
1,131,86
1,133,86
1,136,86
1,137,86
1,138,86
1,140,86
1,141,86
1,142,86
1,143,86
1,144,86
1,145,86
1,146,86
1,147,86
1,148,86
1,149,86
1,150,86
1,151,86
1,152,86
1,153,86
1,154,86
1,155,86
1,156,86
1,157,86
1,158,86
1,159,86
1,160,86
1,161,86
1,162,86
1,163,86
1,164,86
1,165,86
1,166,86
1,167,86
1,168,86
1,171,86
1,173,86
1,175,86
1,87,88
1,87,89
1,87,90
1,87,92
1,87,93
1,87,95
1,87,96
1,87,97
1,98,87
1,100,87
1,87,101
1,87,112
1,87,113
1,114,87
1,116,87
1,117,87
1,87,123
1,87,127
1,87,128
1,87,129
1,131,87
1,87,132
1,87,134
1,87,135
1,136,87
1,137,87
1,138,87
1,87,139
1,140,87
1,141,87
1,142,87
1,143,87
1,144,87
1,145,87
1,146,87
1,147,87
1,148,87
1,149,87
1,150,87
1,151,87
1,153,87
1,154,87
1,155,87
1,156,87
1,157,87
1,158,87
1,159,87
1,160,87
1,161,87
1,162,87
1,163,87
1,164,87
1,165,87
1,166,87
1,167,87
1,168,87
1,87,169
1,87,170
1,171,87
1,87,172
1,173,87
1,87,174
1,175,87
1,87,176
1,87,177
1,91,88
1,94,88
1,98,88
1,99,88
1,100,88
1,102,88
1,103,88
1,104,88
1,105,88
1,106,88
1,107,88
1,108,88
1,109,88
1,110,88
1,111,88
1,114,88
1,115,88
1,116,88
1,117,88
1,118,88
1,119,88
1,120,88
1,121,88
1,122,88
1,124,88
1,125,88
1,126,88
1,130,88
1,131,88
1,133,88
1,136,88
1,137,88
1,138,88
1,140,88
1,141,88
1,142,88
1,143,88
1,144,88
1,145,88
1,146,88
1,147,88
1,148,88
1,149,88
1,150,88
1,151,88
1,152,88
1,153,88
1,154,88
1,155,88
1,156,88
1,157,88
1,158,88
1,159,88
1,160,88
1,161,88
1,162,88
1,163,88
1,164,88
1,165,88
1,166,88
1,167,88
1,168,88
1,171,88
1,173,88
1,175,88
1,91,89
1,94,89
1,98,89
1,99,89
1,100,89
1,102,89
1,103,89
1,104,89
1,105,89
1,106,89
1,107,89
1,108,89
1,109,89
1,110,89
1,111,89
1,114,89
1,115,89
1,116,89
1,117,89
1,118,89
1,119,89
1,120,89
1,121,89
1,122,89
1,124,89
1,125,89
1,126,89
1,130,89
1,131,89
1,133,89
1,136,89
1,137,89
1,138,89
1,140,89
1,141,89
1,142,89
1,143,89
1,144,89
1,145,89
1,146,89
1,147,89
1,148,89
1,149,89
1,150,89
1,151,89
1,152,89
1,153,89
1,154,89
1,155,89
1,156,89
1,157,89
1,158,89
1,159,89
1,160,89
1,161,89
1,162,89
1,163,89
1,164,89
1,165,89
1,166,89
1,167,89
1,168,89
1,171,89
1,173,89
1,175,89
1,91,90
1,94,90
1,98,90
1,99,90
1,100,90
1,102,90
1,103,90
1,104,90
1,105,90
1,106,90
1,107,90
1,108,90
1,109,90
1,110,90
1,111,90
1,114,90
1,115,90
1,116,90
1,117,90
1,118,90
1,119,90
1,120,90
1,121,90
1,122,90
1,124,90
1,125,90
1,126,90
1,130,90
1,131,90
1,133,90
1,136,90
1,137,90
1,138,90
1,140,90
1,141,90
1,142,90
1,143,90
1,144,90
1,145,90
1,146,90
1,147,90
1,148,90
1,149,90
1,150,90
1,151,90
1,152,90
1,153,90
1,154,90
1,155,90
1,156,90
1,157,90
1,158,90
1,159,90
1,160,90
1,161,90
1,162,90
1,163,90
1,164,90
1,165,90
1,166,90
1,167,90
1,168,90
1,171,90
1,173,90
1,175,90
1,91,92
1,91,93
1,91,95
1,91,96
1,91,97
1,98,91
1,100,91
1,91,101
1,91,112
1,91,113
1,114,91
1,116,91
1,117,91
1,91,123
1,91,127
1,91,128
1,91,129
1,131,91
1,91,132
1,91,134
1,91,135
1,136,91
1,137,91
1,138,91
1,91,139
1,140,91
1,141,91
1,142,91
1,143,91
1,144,91
1,145,91
1,146,91
1,147,91
1,148,91
1,149,91
1,150,91
1,151,91
1,153,91
1,154,91
1,155,91
1,156,91
1,157,91
1,158,91
1,159,91
1,160,91
1,161,91
1,162,91
1,163,91
1,164,91
1,165,91
1,166,91
1,167,91
1,168,91
1,91,169
1,91,170
1,171,91
1,91,172
1,173,91
1,91,174
1,175,91
1,91,176
1,91,177
1,94,92
1,98,92
1,99,92
1,100,92
1,102,92
1,103,92
1,104,92
1,105,92
1,106,92
1,107,92
1,108,92
1,109,92
1,110,92
1,111,92
1,114,92
1,115,92
1,116,92
1,117,92
1,118,92
1,119,92
1,120,92
1,121,92
1,122,92
1,124,92
1,125,92
1,126,92
1,130,92
1,131,92
1,133,92
1,136,92
1,137,92
1,138,92
1,140,92
1,141,92
1,142,92
1,143,92
1,144,92
1,145,92
1,146,92
1,147,92
1,148,92
1,149,92
1,150,92
1,151,92
1,152,92
1,153,92
1,154,92
1,155,92
1,156,92
1,157,92
1,158,92
1,159,92
1,160,92
1,161,92
1,162,92
1,163,92
1,164,92
1,165,92
1,166,92
1,167,92
1,168,92
1,171,92
1,173,92
1,175,92
1,94,93
1,98,93
1,99,93
1,100,93
1,102,93
1,103,93
1,104,93
1,105,93
1,106,93
1,107,93
1,108,93
1,109,93
1,110,93
1,111,93
1,114,93
1,115,93
1,116,93
1,117,93
1,118,93
1,119,93
1,120,93
1,121,93
1,122,93
1,124,93
1,125,93
1,126,93
1,130,93
1,131,93
1,133,93
1,136,93
1,137,93
1,138,93
1,140,93
1,141,93
1,142,93
1,143,93
1,144,93
1,145,93
1,146,93
1,147,93
1,148,93
1,149,93
1,150,93
1,151,93
1,152,93
1,153,93
1,154,93
1,155,93
1,156,93
1,157,93
1,158,93
1,159,93
1,160,93
1,161,93
1,162,93
1,163,93
1,164,93
1,165,93
1,166,93
1,167,93
1,168,93
1,171,93
1,173,93
1,175,93
1,94,95
1,94,96
1,94,97
1,98,94
1,100,94
1,94,101
1,94,112
1,94,113
1,114,94
1,116,94
1,117,94
1,94,123
1,94,127
1,94,128
1,94,129
1,131,94
1,94,132
1,94,134
1,94,135
1,136,94
1,137,94
1,138,94
1,94,139
1,140,94
1,141,94
1,142,94
1,143,94
1,144,94
1,145,94
1,146,94
1,147,94
1,148,94
1,149,94
1,150,94
1,151,94
1,153,94
1,154,94
1,155,94
1,156,94
1,157,94
1,158,94
1,159,94
1,160,94
1,161,94
1,162,94
1,163,94
1,164,94
1,165,94
1,166,94
1,167,94
1,168,94
1,94,169
1,94,170
1,171,94
1,94,172
1,173,94
1,94,174
1,175,94
1,94,176
1,94,177
1,98,95
1,99,95
1,100,95
1,102,95
1,103,95
1,104,95
1,105,95
1,106,95
1,107,95
1,108,95
1,109,95
1,110,95
1,111,95
1,114,95
1,115,95
1,116,95
1,117,95
1,118,95
1,119,95
1,120,95
1,121,95
1,122,95
1,124,95
1,125,95
1,126,95
1,130,95
1,131,95
1,133,95
1,136,95
1,137,95
1,138,95
1,140,95
1,141,95
1,142,95
1,143,95
1,144,95
1,145,95
1,146,95
1,147,95
1,148,95
1,149,95
1,150,95
1,151,95
1,152,95
1,153,95
1,154,95
1,155,95
1,156,95
1,157,95
1,158,95
1,159,95
1,160,95
1,161,95
1,162,95
1,163,95
1,164,95
1,165,95
1,166,95
1,167,95
1,168,95
1,171,95
1,173,95
1,175,95
1,98,96
1,99,96
1,100,96
1,102,96
1,103,96
1,104,96
1,105,96
1,106,96
1,107,96
1,108,96
1,109,96
1,110,96
1,111,96
1,114,96
1,115,96
1,116,96
1,117,96
1,118,96
1,119,96
1,120,96
1,121,96
1,122,96
1,124,96
1,125,96
1,126,96
1,130,96
1,131,96
1,133,96
1,136,96
1,137,96
1,138,96
1,140,96
1,141,96
1,142,96
1,143,96
1,144,96
1,145,96
1,146,96
1,147,96
1,148,96
1,149,96
1,150,96
1,151,96
1,152,96
1,153,96
1,154,96
1,155,96
1,156,96
1,157,96
1,158,96
1,159,96
1,160,96
1,161,96
1,162,96
1,163,96
1,164,96
1,165,96
1,166,96
1,167,96
1,168,96
1,171,96
1,173,96
1,175,96
1,98,97
1,99,97
1,100,97
1,102,97
1,103,97
1,104,97
1,105,97
1,106,97
1,107,97
1,108,97
1,109,97
1,110,97
1,111,97
1,114,97
1,115,97
1,116,97
1,117,97
1,118,97
1,119,97
1,120,97
1,121,97
1,122,97
1,124,97
1,125,97
1,126,97
1,130,97
1,131,97
1,133,97
1,136,97
1,137,97
1,138,97
1,140,97
1,141,97
1,142,97
1,143,97
1,144,97
1,145,97
1,146,97
1,147,97
1,148,97
1,149,97
1,150,97
1,151,97
1,152,97
1,153,97
1,154,97
1,155,97
1,156,97
1,157,97
1,158,97
1,159,97
1,160,97
1,161,97
1,162,97
1,163,97
1,164,97
1,165,97
1,166,97
1,167,97
1,168,97
1,171,97
1,173,97
1,175,97
1,98,99
1,98,101
1,98,102
1,98,103
1,98,104
1,98,105
1,98,106
1,98,107
1,98,108
1,98,109
1,98,110
1,98,111
1,98,112
1,98,113
1,98,115
1,98,118
1,98,119
1,98,120
1,98,121
1,98,122
1,98,123
1,98,124
1,98,125
1,98,126
1,98,127
1,98,128
1,98,129
1,98,130
1,98,132
1,98,133
1,98,134
1,98,135
1,98,139
1,98,152
1,98,169
1,98,170
1,98,172
1,98,174
1,98,176
1,98,177
1,100,99
1,99,101
1,99,112
1,99,113
1,114,99
1,116,99
1,117,99
1,99,123
1,99,127
1,99,128
1,99,129
1,131,99
1,99,132
1,99,134
1,99,135
1,136,99
1,137,99
1,138,99
1,99,139
1,140,99
1,141,99
1,142,99
1,143,99
1,144,99
1,145,99
1,146,99
1,147,99
1,148,99
1,149,99
1,150,99
1,151,99
1,153,99
1,154,99
1,155,99
1,156,99
1,157,99
1,158,99
1,159,99
1,160,99
1,161,99
1,162,99
1,163,99
1,164,99
1,165,99
1,166,99
1,167,99
1,168,99
1,99,169
1,99,170
1,171,99
1,99,172
1,173,99
1,99,174
1,175,99
1,99,176
1,99,177
1,100,101
1,100,102
1,100,103
1,100,104
1,100,105
1,100,106
1,100,107
1,100,108
1,100,109
1,100,110
1,100,111
1,100,112
1,100,113
1,100,115
1,100,118
1,100,119
1,100,120
1,100,121
1,100,122
1,100,123
1,100,124
1,100,125
1,100,126
1,100,127
1,100,128
1,100,129
1,100,130
1,100,132
1,100,133
1,100,134
1,100,135
1,100,139
1,100,152
1,100,169
1,100,170
1,100,172
1,100,174
1,100,176
1,100,177
1,102,101
1,103,101
1,104,101
1,105,101
1,106,101
1,107,101
1,108,101
1,109,101
1,110,101
1,111,101
1,114,101
1,115,101
1,116,101
1,117,101
1,118,101
1,119,101
1,120,101
1,121,101
1,122,101
1,124,101
1,125,101
1,126,101
1,130,101
1,131,101
1,133,101
1,136,101
1,137,101
1,138,101
1,140,101
1,141,101
1,142,101
1,143,101
1,144,101
1,145,101
1,146,101
1,147,101
1,148,101
1,149,101
1,150,101
1,151,101
1,152,101
1,153,101
1,154,101
1,155,101
1,156,101
1,157,101
1,158,101
1,159,101
1,160,101
1,161,101
1,162,101
1,163,101
1,164,101
1,165,101
1,166,101
1,167,101
1,168,101
1,171,101
1,173,101
1,175,101
1,102,112
1,102,113
1,114,102
1,116,102
1,117,102
1,102,123
1,102,127
1,102,128
1,102,129
1,131,102
1,102,132
1,102,134
1,102,135
1,136,102
1,137,102
1,138,102
1,102,139
1,140,102
1,141,102
1,142,102
1,143,102
1,144,102
1,145,102
1,146,102
1,147,102
1,148,102
1,149,102
1,150,102
1,151,102
1,153,102
1,154,102
1,155,102
1,156,102
1,157,102
1,158,102
1,159,102
1,160,102
1,161,102
1,162,102
1,163,102
1,164,102
1,165,102
1,166,102
1,167,102
1,168,102
1,102,169
1,102,170
1,171,102
1,102,172
1,173,102
1,102,174
1,175,102
1,102,176
1,102,177
1,103,112
1,103,113
1,114,103
1,116,103
1,117,103
1,103,123
1,103,127
1,103,128
1,103,129
1,131,103
1,103,132
1,103,134
1,103,135
1,136,103
1,137,103
1,138,103
1,103,139
1,140,103
1,141,103
1,142,103
1,143,103
1,144,103
1,145,103
1,146,103
1,147,103
1,148,103
1,149,103
1,150,103
1,151,103
1,153,103
1,154,103
1,155,103
1,156,103
1,157,103
1,158,103
1,159,103
1,160,103
1,161,103
1,162,103
1,163,103
1,164,103
1,165,103
1,166,103
1,167,103
1,168,103
1,103,169
1,103,170
1,171,103
1,103,172
1,173,103
1,103,174
1,175,103
1,103,176
1,103,177
1,104,112
1,104,113
1,114,104
1,116,104
1,117,104
1,104,123
1,104,127
1,104,128
1,104,129
1,131,104
1,104,132
1,104,134
1,104,135
1,136,104
1,137,104
1,138,104
1,104,139
1,140,104
1,141,104
1,142,104
1,143,104
1,144,104
1,145,104
1,146,104
1,147,104
1,148,104
1,149,104
1,150,104
1,151,104
1,153,104
1,154,104
1,155,104
1,156,104
1,157,104
1,158,104
1,159,104
1,160,104
1,161,104
1,162,104
1,163,104
1,164,104
1,165,104
1,166,104
1,167,104
1,168,104
1,104,169
1,104,170
1,171,104
1,104,172
1,173,104
1,104,174
1,175,104
1,104,176
1,104,177
1,105,112
1,105,113
1,114,105
1,116,105
1,117,105
1,105,123
1,105,127
1,105,128
1,105,129
1,131,105
1,105,132
1,105,134
1,105,135
1,136,105
1,137,105
1,138,105
1,105,139
1,140,105
1,141,105
1,142,105
1,143,105
1,144,105
1,145,105
1,146,105
1,147,105
1,148,105
1,149,105
1,150,105
1,151,105
1,153,105
1,154,105
1,155,105
1,156,105
1,157,105
1,158,105
1,159,105
1,160,105
1,161,105
1,162,105
1,163,105
1,164,105
1,165,105
1,166,105
1,167,105
1,168,105
1,105,169
1,105,170
1,171,105
1,105,172
1,173,105
1,105,174
1,175,105
1,105,176
1,105,177
1,106,112
1,106,113
1,114,106
1,116,106
1,117,106
1,106,123
1,106,127
1,106,128
1,106,129
1,131,106
1,106,132
1,106,134
1,106,135
1,136,106
1,137,106
1,138,106
1,106,139
1,140,106
1,141,106
1,142,106
1,143,106
1,144,106
1,145,106
1,146,106
1,147,106
1,148,106
1,149,106
1,150,106
1,151,106
1,153,106
1,154,106
1,155,106
1,156,106
1,157,106
1,158,106
1,159,106
1,160,106
1,161,106
1,162,106
1,163,106
1,164,106
1,165,106
1,166,106
1,167,106
1,168,106
1,106,169
1,106,170
1,171,106
1,106,172
1,173,106
1,106,174
1,175,106
1,106,176
1,106,177
1,107,112
1,107,113
1,114,107
1,116,107
1,117,107
1,107,123
1,107,127
1,107,128
1,107,129
1,131,107
1,107,132
1,107,134
1,107,135
1,136,107
1,137,107
1,138,107
1,107,139
1,140,107
1,141,107
1,142,107
1,143,107
1,144,107
1,145,107
1,146,107
1,147,107
1,148,107
1,149,107
1,150,107
1,151,107
1,153,107
1,154,107
1,155,107
1,156,107
1,157,107
1,158,107
1,159,107
1,160,107
1,161,107
1,162,107
1,163,107
1,164,107
1,165,107
1,166,107
1,167,107
1,168,107
1,107,169
1,107,170
1,171,107
1,107,172
1,173,107
1,107,174
1,175,107
1,107,176
1,107,177
1,108,112
1,108,113
1,114,108
1,116,108
1,117,108
1,108,123
1,108,127
1,108,128
1,108,129
1,131,108
1,108,132
1,108,134
1,108,135
1,136,108
1,137,108
1,138,108
1,108,139
1,140,108
1,141,108
1,142,108
1,143,108
1,144,108
1,145,108
1,146,108
1,147,108
1,148,108
1,149,108
1,150,108
1,151,108
1,153,108
1,154,108
1,155,108
1,156,108
1,157,108
1,158,108
1,159,108
1,160,108
1,161,108
1,162,108
1,163,108
1,164,108
1,165,108
1,166,108
1,167,108
1,168,108
1,108,169
1,108,170
1,171,108
1,108,172
1,173,108
1,108,174
1,175,108
1,108,176
1,108,177
1,109,112
1,109,113
1,114,109
1,116,109
1,117,109
1,109,123
1,109,127
1,109,128
1,109,129
1,131,109
1,109,132
1,109,134
1,109,135
1,136,109
1,137,109
1,138,109
1,109,139
1,140,109
1,141,109
1,142,109
1,143,109
1,144,109
1,145,109
1,146,109
1,147,109
1,148,109
1,149,109
1,150,109
1,151,109
1,153,109
1,154,109
1,155,109
1,156,109
1,157,109
1,158,109
1,159,109
1,160,109
1,161,109
1,162,109
1,163,109
1,164,109
1,165,109
1,166,109
1,167,109
1,168,109
1,109,169
1,109,170
1,171,109
1,109,172
1,173,109
1,109,174
1,175,109
1,109,176
1,109,177
1,110,112
1,110,113
1,114,110
1,116,110
1,117,110
1,110,123
1,110,127
1,110,128
1,110,129
1,131,110
1,110,132
1,110,134
1,110,135
1,136,110
1,137,110
1,138,110
1,110,139
1,140,110
1,141,110
1,142,110
1,143,110
1,144,110
1,145,110
1,146,110
1,147,110
1,148,110
1,149,110
1,150,110
1,151,110
1,153,110
1,154,110
1,155,110
1,156,110
1,157,110
1,158,110
1,159,110
1,160,110
1,161,110
1,162,110
1,163,110
1,164,110
1,165,110
1,166,110
1,167,110
1,168,110
1,110,169
1,110,170
1,171,110
1,110,172
1,173,110
1,110,174
1,175,110
1,110,176
1,110,177
1,111,112
1,111,113
1,114,111
1,116,111
1,117,111
1,111,123
1,111,127
1,111,128
1,111,129
1,131,111
1,111,132
1,111,134
1,111,135
1,136,111
1,137,111
1,138,111
1,111,139
1,140,111
1,141,111
1,142,111
1,143,111
1,144,111
1,145,111
1,146,111
1,147,111
1,148,111
1,149,111
1,150,111
1,151,111
1,153,111
1,154,111
1,155,111
1,156,111
1,157,111
1,158,111
1,159,111
1,160,111
1,161,111
1,162,111
1,163,111
1,164,111
1,165,111
1,166,111
1,167,111
1,168,111
1,111,169
1,111,170
1,171,111
1,111,172
1,173,111
1,111,174
1,175,111
1,111,176
1,111,177
1,114,112
1,115,112
1,116,112
1,117,112
1,118,112
1,119,112
1,120,112
1,121,112
1,122,112
1,124,112
1,125,112
1,126,112
1,130,112
1,131,112
1,133,112
1,136,112
1,137,112
1,138,112
1,140,112
1,141,112
1,142,112
1,143,112
1,144,112
1,145,112
1,146,112
1,147,112
1,148,112
1,149,112
1,150,112
1,151,112
1,152,112
1,153,112
1,154,112
1,155,112
1,156,112
1,157,112
1,158,112
1,159,112
1,160,112
1,161,112
1,162,112
1,163,112
1,164,112
1,165,112
1,166,112
1,167,112
1,168,112
1,171,112
1,173,112
1,175,112
1,114,113
1,115,113
1,116,113
1,117,113
1,118,113
1,119,113
1,120,113
1,121,113
1,122,113
1,124,113
1,125,113
1,126,113
1,130,113
1,131,113
1,133,113
1,136,113
1,137,113
1,138,113
1,140,113
1,141,113
1,142,113
1,143,113
1,144,113
1,145,113
1,146,113
1,147,113
1,148,113
1,149,113
1,150,113
1,151,113
1,152,113
1,153,113
1,154,113
1,155,113
1,156,113
1,157,113
1,158,113
1,159,113
1,160,113
1,161,113
1,162,113
1,163,113
1,164,113
1,165,113
1,166,113
1,167,113
1,168,113
1,171,113
1,173,113
1,175,113
1,114,115
1,114,118
1,114,119
1,114,120
1,114,121
1,114,122
1,114,123
1,114,124
1,114,125
1,114,126
1,114,127
1,114,128
1,114,129
1,114,130
1,114,132
1,114,133
1,114,134
1,114,135
1,114,139
1,114,152
1,114,169
1,114,170
1,114,172
1,114,174
1,114,176
1,114,177
1,116,115
1,117,115
1,115,123
1,115,127
1,115,128
1,115,129
1,131,115
1,115,132
1,115,134
1,115,135
1,136,115
1,137,115
1,138,115
1,115,139
1,140,115
1,141,115
1,142,115
1,143,115
1,144,115
1,145,115
1,146,115
1,147,115
1,148,115
1,149,115
1,150,115
1,151,115
1,153,115
1,154,115
1,155,115
1,156,115
1,157,115
1,158,115
1,159,115
1,160,115
1,161,115
1,162,115
1,163,115
1,164,115
1,165,115
1,166,115
1,167,115
1,168,115
1,115,169
1,115,170
1,171,115
1,115,172
1,173,115
1,115,174
1,175,115
1,115,176
1,115,177
1,116,118
1,116,119
1,116,120
1,116,121
1,116,122
1,116,123
1,116,124
1,116,125
1,116,126
1,116,127
1,116,128
1,116,129
1,116,130
1,116,132
1,116,133
1,116,134
1,116,135
1,116,139
1,116,152
1,116,169
1,116,170
1,116,172
1,116,174
1,116,176
1,116,177
1,117,118
1,117,119
1,117,120
1,117,121
1,117,122
1,117,123
1,117,124
1,117,125
1,117,126
1,117,127
1,117,128
1,117,129
1,117,130
1,117,132
1,117,133
1,117,134
1,117,135
1,117,139
1,117,152
1,117,169
1,117,170
1,117,172
1,117,174
1,117,176
1,117,177
1,118,123
1,118,127
1,118,128
1,118,129
1,131,118
1,118,132
1,118,134
1,118,135
1,136,118
1,137,118
1,138,118
1,118,139
1,140,118
1,141,118
1,142,118
1,143,118
1,144,118
1,145,118
1,146,118
1,147,118
1,148,118
1,149,118
1,150,118
1,151,118
1,153,118
1,154,118
1,155,118
1,156,118
1,157,118
1,158,118
1,159,118
1,160,118
1,161,118
1,162,118
1,163,118
1,164,118
1,165,118
1,166,118
1,167,118
1,168,118
1,118,169
1,118,170
1,171,118
1,118,172
1,173,118
1,118,174
1,175,118
1,118,176
1,118,177
1,119,123
1,119,127
1,119,128
1,119,129
1,131,119
1,119,132
1,119,134
1,119,135
1,136,119
1,137,119
1,138,119
1,119,139
1,140,119
1,141,119
1,142,119
1,143,119
1,144,119
1,145,119
1,146,119
1,147,119
1,148,119
1,149,119
1,150,119
1,151,119
1,153,119
1,154,119
1,155,119
1,156,119
1,157,119
1,158,119
1,159,119
1,160,119
1,161,119
1,162,119
1,163,119
1,164,119
1,165,119
1,166,119
1,167,119
1,168,119
1,119,169
1,119,170
1,171,119
1,119,172
1,173,119
1,119,174
1,175,119
1,119,176
1,119,177
1,120,123
1,120,127
1,120,128
1,120,129
1,131,120
1,120,132
1,120,134
1,120,135
1,136,120
1,137,120
1,138,120
1,120,139
1,140,120
1,141,120
1,142,120
1,143,120
1,144,120
1,145,120
1,146,120
1,147,120
1,148,120
1,149,120
1,150,120
1,151,120
1,153,120
1,154,120
1,155,120
1,156,120
1,157,120
1,158,120
1,159,120
1,160,120
1,161,120
1,162,120
1,163,120
1,164,120
1,165,120
1,166,120
1,167,120
1,168,120
1,120,169
1,120,170
1,171,120
1,120,172
1,173,120
1,120,174
1,175,120
1,120,176
1,120,177
1,121,123
1,121,127
1,121,128
1,121,129
1,131,121
1,121,132
1,121,134
1,121,135
1,136,121
1,137,121
1,138,121
1,121,139
1,140,121
1,141,121
1,142,121
1,143,121
1,144,121
1,145,121
1,146,121
1,147,121
1,148,121
1,149,121
1,150,121
1,151,121
1,153,121
1,154,121
1,155,121
1,156,121
1,157,121
1,158,121
1,159,121
1,160,121
1,161,121
1,162,121
1,163,121
1,164,121
1,165,121
1,166,121
1,167,121
1,168,121
1,121,169
1,121,170
1,171,121
1,121,172
1,173,121
1,121,174
1,175,121
1,121,176
1,121,177
1,122,123
1,122,127
1,122,128
1,122,129
1,131,122
1,122,132
1,122,134
1,122,135
1,136,122
1,137,122
1,138,122
1,122,139
1,140,122
1,141,122
1,142,122
1,143,122
1,144,122
1,145,122
1,146,122
1,147,122
1,148,122
1,149,122
1,150,122
1,151,122
1,153,122
1,154,122
1,155,122
1,156,122
1,157,122
1,158,122
1,159,122
1,160,122
1,161,122
1,162,122
1,163,122
1,164,122
1,165,122
1,166,122
1,167,122
1,168,122
1,122,169
1,122,170
1,171,122
1,122,172
1,173,122
1,122,174
1,175,122
1,122,176
1,122,177
1,124,123
1,125,123
1,126,123
1,130,123
1,131,123
1,133,123
1,136,123
1,137,123
1,138,123
1,140,123
1,141,123
1,142,123
1,143,123
1,144,123
1,145,123
1,146,123
1,147,123
1,148,123
1,149,123
1,150,123
1,151,123
1,152,123
1,153,123
1,154,123
1,155,123
1,156,123
1,157,123
1,158,123
1,159,123
1,160,123
1,161,123
1,162,123
1,163,123
1,164,123
1,165,123
1,166,123
1,167,123
1,168,123
1,171,123
1,173,123
1,175,123
1,124,127
1,124,128
1,124,129
1,131,124
1,124,132
1,124,134
1,124,135
1,136,124
1,137,124
1,138,124
1,124,139
1,140,124
1,141,124
1,142,124
1,143,124
1,144,124
1,145,124
1,146,124
1,147,124
1,148,124
1,149,124
1,150,124
1,151,124
1,153,124
1,154,124
1,155,124
1,156,124
1,157,124
1,158,124
1,159,124
1,160,124
1,161,124
1,162,124
1,163,124
1,164,124
1,165,124
1,166,124
1,167,124
1,168,124
1,124,169
1,124,170
1,171,124
1,124,172
1,173,124
1,124,174
1,175,124
1,124,176
1,124,177
1,125,127
1,125,128
1,125,129
1,131,125
1,125,132
1,125,134
1,125,135
1,136,125
1,137,125
1,138,125
1,125,139
1,140,125
1,141,125
1,142,125
1,143,125
1,144,125
1,145,125
1,146,125
1,147,125
1,148,125
1,149,125
1,150,125
1,151,125
1,153,125
1,154,125
1,155,125
1,156,125
1,157,125
1,158,125
1,159,125
1,160,125
1,161,125
1,162,125
1,163,125
1,164,125
1,165,125
1,166,125
1,167,125
1,168,125
1,125,169
1,125,170
1,171,125
1,125,172
1,173,125
1,125,174
1,175,125
1,125,176
1,125,177
1,126,127
1,126,128
1,126,129
1,131,126
1,126,132
1,126,134
1,126,135
1,136,126
1,137,126
1,138,126
1,126,139
1,140,126
1,141,126
1,142,126
1,143,126
1,144,126
1,145,126
1,146,126
1,147,126
1,148,126
1,149,126
1,150,126
1,151,126
1,153,126
1,154,126
1,155,126
1,156,126
1,157,126
1,158,126
1,159,126
1,160,126
1,161,126
1,162,126
1,163,126
1,164,126
1,165,126
1,166,126
1,167,126
1,168,126
1,126,169
1,126,170
1,171,126
1,126,172
1,173,126
1,126,174
1,175,126
1,126,176
1,126,177
1,130,127
1,131,127
1,133,127
1,136,127
1,137,127
1,138,127
1,140,127
1,141,127
1,142,127
1,143,127
1,144,127
1,145,127
1,146,127
1,147,127
1,148,127
1,149,127
1,150,127
1,151,127
1,152,127
1,153,127
1,154,127
1,155,127
1,156,127
1,157,127
1,158,127
1,159,127
1,160,127
1,161,127
1,162,127
1,163,127
1,164,127
1,165,127
1,166,127
1,167,127
1,168,127
1,171,127
1,173,127
1,175,127
1,130,128
1,131,128
1,133,128
1,136,128
1,137,128
1,138,128
1,140,128
1,141,128
1,142,128
1,143,128
1,144,128
1,145,128
1,146,128
1,147,128
1,148,128
1,149,128
1,150,128
1,151,128
1,152,128
1,153,128
1,154,128
1,155,128
1,156,128
1,157,128
1,158,128
1,159,128
1,160,128
1,161,128
1,162,128
1,163,128
1,164,128
1,165,128
1,166,128
1,167,128
1,168,128
1,171,128
1,173,128
1,175,128
1,130,129
1,131,129
1,133,129
1,136,129
1,137,129
1,138,129
1,140,129
1,141,129
1,142,129
1,143,129
1,144,129
1,145,129
1,146,129
1,147,129
1,148,129
1,149,129
1,150,129
1,151,129
1,152,129
1,153,129
1,154,129
1,155,129
1,156,129
1,157,129
1,158,129
1,159,129
1,160,129
1,161,129
1,162,129
1,163,129
1,164,129
1,165,129
1,166,129
1,167,129
1,168,129
1,171,129
1,173,129
1,175,129
1,131,130
1,130,132
1,130,134
1,130,135
1,136,130
1,137,130
1,138,130
1,130,139
1,140,130
1,141,130
1,142,130
1,143,130
1,144,130
1,145,130
1,146,130
1,147,130
1,148,130
1,149,130
1,150,130
1,151,130
1,153,130
1,154,130
1,155,130
1,156,130
1,157,130
1,158,130
1,159,130
1,160,130
1,161,130
1,162,130
1,163,130
1,164,130
1,165,130
1,166,130
1,167,130
1,168,130
1,130,169
1,130,170
1,171,130
1,130,172
1,173,130
1,130,174
1,175,130
1,130,176
1,130,177
1,131,132
1,131,133
1,131,134
1,131,135
1,131,139
1,131,152
1,131,169
1,131,170
1,131,172
1,131,174
1,131,176
1,131,177
1,133,132
1,136,132
1,137,132
1,138,132
1,140,132
1,141,132
1,142,132
1,143,132
1,144,132
1,145,132
1,146,132
1,147,132
1,148,132
1,149,132
1,150,132
1,151,132
1,152,132
1,153,132
1,154,132
1,155,132
1,156,132
1,157,132
1,158,132
1,159,132
1,160,132
1,161,132
1,162,132
1,163,132
1,164,132
1,165,132
1,166,132
1,167,132
1,168,132
1,171,132
1,173,132
1,175,132
1,133,134
1,133,135
1,136,133
1,137,133
1,138,133
1,133,139
1,140,133
1,141,133
1,142,133
1,143,133
1,144,133
1,145,133
1,146,133
1,147,133
1,148,133
1,149,133
1,150,133
1,151,133
1,153,133
1,154,133
1,155,133
1,156,133
1,157,133
1,158,133
1,159,133
1,160,133
1,161,133
1,162,133
1,163,133
1,164,133
1,165,133
1,166,133
1,167,133
1,168,133
1,133,169
1,133,170
1,171,133
1,133,172
1,173,133
1,133,174
1,175,133
1,133,176
1,133,177
1,136,134
1,137,134
1,138,134
1,140,134
1,141,134
1,142,134
1,143,134
1,144,134
1,145,134
1,146,134
1,147,134
1,148,134
1,149,134
1,150,134
1,151,134
1,152,134
1,153,134
1,154,134
1,155,134
1,156,134
1,157,134
1,158,134
1,159,134
1,160,134
1,161,134
1,162,134
1,163,134
1,164,134
1,165,134
1,166,134
1,167,134
1,168,134
1,171,134
1,173,134
1,175,134
1,136,135
1,137,135
1,138,135
1,140,135
1,141,135
1,142,135
1,143,135
1,144,135
1,145,135
1,146,135
1,147,135
1,148,135
1,149,135
1,150,135
1,151,135
1,152,135
1,153,135
1,154,135
1,155,135
1,156,135
1,157,135
1,158,135
1,159,135
1,160,135
1,161,135
1,162,135
1,163,135
1,164,135
1,165,135
1,166,135
1,167,135
1,168,135
1,171,135
1,173,135
1,175,135
1,136,139
1,136,152
1,136,169
1,136,170
1,136,172
1,136,174
1,136,176
1,136,177
1,137,139
1,137,152
1,137,169
1,137,170
1,137,172
1,137,174
1,137,176
1,137,177
1,138,139
1,138,152
1,138,169
1,138,170
1,138,172
1,138,174
1,138,176
1,138,177
1,140,139
1,141,139
1,142,139
1,143,139
1,144,139
1,145,139
1,146,139
1,147,139
1,148,139
1,149,139
1,150,139
1,151,139
1,152,139
1,153,139
1,154,139
1,155,139
1,156,139
1,157,139
1,158,139
1,159,139
1,160,139
1,161,139
1,162,139
1,163,139
1,164,139
1,165,139
1,166,139
1,167,139
1,168,139
1,171,139
1,173,139
1,175,139
1,140,152
1,140,169
1,140,170
1,140,172
1,140,174
1,140,176
1,140,177
1,141,152
1,141,169
1,141,170
1,141,172
1,141,174
1,141,176
1,141,177
1,142,152
1,142,169
1,142,170
1,142,172
1,142,174
1,142,176
1,142,177
1,143,152
1,143,169
1,143,170
1,143,172
1,143,174
1,143,176
1,143,177
1,144,152
1,144,169
1,144,170
1,144,172
1,144,174
1,144,176
1,144,177
1,145,152
1,145,169
1,145,170
1,145,172
1,145,174
1,145,176
1,145,177
1,146,152
1,146,169
1,146,170
1,146,172
1,146,174
1,146,176
1,146,177
1,147,152
1,147,169
1,147,170
1,147,172
1,147,174
1,147,176
1,147,177
1,148,152
1,148,169
1,148,170
1,148,172
1,148,174
1,148,176
1,148,177
1,149,152
1,149,169
1,149,170
1,149,172
1,149,174
1,149,176
1,149,177
1,150,152
1,150,169
1,150,170
1,150,172
1,150,174
1,150,176
1,150,177
1,151,152
1,151,169
1,151,170
1,151,172
1,151,174
1,151,176
1,151,177
1,153,152
1,154,152
1,155,152
1,156,152
1,157,152
1,158,152
1,159,152
1,160,152
1,161,152
1,162,152
1,163,152
1,164,152
1,165,152
1,166,152
1,167,152
1,168,152
1,152,169
1,152,170
1,171,152
1,152,172
1,173,152
1,152,174
1,175,152
1,152,176
1,152,177
1,153,169
1,153,170
1,153,172
1,153,174
1,153,176
1,153,177
1,154,169
1,154,170
1,154,172
1,154,174
1,154,176
1,154,177
1,155,169
1,155,170
1,155,172
1,155,174
1,155,176
1,155,177
1,156,169
1,156,170
1,156,172
1,156,174
1,156,176
1,156,177
1,157,169
1,157,170
1,157,172
1,157,174
1,157,176
1,157,177
1,158,169
1,158,170
1,158,172
1,158,174
1,158,176
1,158,177
1,159,169
1,159,170
1,159,172
1,159,174
1,159,176
1,159,177
1,160,169
1,160,170
1,160,172
1,160,174
1,160,176
1,160,177
1,161,169
1,161,170
1,161,172
1,161,174
1,161,176
1,161,177
1,162,169
1,162,170
1,162,172
1,162,174
1,162,176
1,162,177
1,163,169
1,163,170
1,163,172
1,163,174
1,163,176
1,163,177
1,164,169
1,164,170
1,164,172
1,164,174
1,164,176
1,164,177
1,165,169
1,165,170
1,165,172
1,165,174
1,165,176
1,165,177
1,166,169
1,166,170
1,166,172
1,166,174
1,166,176
1,166,177
1,167,169
1,167,170
1,167,172
1,167,174
1,167,176
1,167,177
1,168,169
1,168,170
1,168,172
1,168,174
1,168,176
1,168,177
1,171,169
1,173,169
1,175,169
1,171,170
1,173,170
1,175,170
1,171,172
1,171,174
1,171,176
1,171,177
1,173,172
1,175,172
1,173,174
1,173,176
1,173,177
1,175,174
1,175,176
1,175,177
