UserID,Outcome1ID,Outcome2ID
1,1,3
1,1,8
1,1,13
1,1,14
1,1,15
1,1,16
1,1,21
1,1,22
1,1,23
1,1,27
1,1,28
1,1,29
1,1,30
1,1,36
1,1,37
1,1,38
1,1,39
1,1,40
1,1,41
1,1,48
1,1,49
1,1,50
1,1,51
1,1,52
1,1,53
1,1,54
1,1,55
1,1,56
1,1,57
1,1,58
1,1,59
1,1,60
1,1,61
1,1,62
1,1,63
1,1,64
1,1,65
1,1,66
1,1,67
1,1,68
1,1,69
1,1,78
1,1,79
1,1,80
1,1,83
1,1,84
1,1,85
1,1,87
1,1,88
1,1,89
1,1,98
1,1,99
1,1,100
1,1,101
1,1,102
1,1,103
1,1,110
1,1,111
1,1,112
1,1,113
1,1,121
1,1,122
1,1,123
1,1,134
1,1,135
1,1,136
1,1,137
1,1,138
1,1,139
1,1,142
1,1,143
1,1,146
1,1,148
1,1,149
1,1,150
1,1,155
1,1,156
1,1,157
1,1,159
1,1,160
1,1,161
1,1,162
1,1,168
1,1,169
1,1,171
1,1,175
1,1,176
1,1,177
1,1,178
1,1,179
1,1,180
1,1,181
1,1,182
1,1,183
1,1,184
1,2,4
1,2,5
1,2,6
1,2,7
1,2,9
1,2,10
1,2,11
1,2,12
1,2,17
1,2,18
1,2,19
1,2,20
1,2,24
1,2,25
1,2,26
1,2,31
1,2,32
1,2,33
1,2,34
1,2,35
1,2,42
1,2,43
1,2,44
1,2,45
1,2,46
1,2,47
1,2,70
1,2,71
1,2,72
1,2,73
1,2,74
1,2,75
1,2,76
1,2,77
1,2,81
1,2,82
1,2,86
1,2,90
1,2,91
1,2,92
1,2,93
1,2,94
1,2,95
1,2,96
1,2,97
1,2,104
1,2,105
1,2,106
1,2,107
1,2,108
1,2,109
1,2,114
1,2,115
1,2,116
1,2,117
1,2,118
1,2,119
1,2,120
1,2,124
1,2,125
1,2,126
1,2,127
1,2,128
1,2,129
1,2,130
1,2,131
1,2,132
1,2,133
1,2,140
1,2,141
1,2,144
1,2,145
1,2,147
1,2,151
1,2,152
1,2,153
1,2,154
1,2,158
1,2,163
1,2,164
1,2,165
1,2,166
1,2,167
1,2,170
1,2,172
1,2,173
1,2,174
1,3,8
1,3,13
1,3,14
1,3,15
1,3,16
1,3,21
1,3,22
1,3,23
1,3,27
1,3,28
1,3,29
1,3,30
1,3,36
1,3,37
1,3,38
1,3,39
1,3,40
1,3,41
1,3,48
1,3,49
1,3,50
1,3,51
1,3,52
1,3,53
1,3,54
1,3,55
1,3,56
1,3,57
1,3,58
1,3,59
1,3,60
1,3,61
1,3,62
1,3,63
1,3,64
1,3,65
1,3,66
1,3,67
1,3,68
1,3,69
1,3,78
1,3,79
1,3,80
1,3,83
1,3,84
1,3,85
1,3,87
1,3,88
1,3,89
1,3,98
1,3,99
1,3,100
1,3,101
1,3,102
1,3,103
1,3,110
1,3,111
1,3,112
1,3,113
1,3,121
1,3,122
1,3,123
1,3,134
1,3,135
1,3,136
1,3,137
1,3,138
1,3,139
1,3,142
1,3,143
1,3,146
1,3,148
1,3,149
1,3,150
1,3,155
1,3,156
1,3,157
1,3,159
1,3,160
1,3,161
1,3,162
1,3,168
1,3,169
1,3,171
1,3,175
1,3,176
1,3,177
1,3,178
1,3,179
1,3,180
1,3,181
1,3,182
1,3,183
1,3,184
1,4,5
1,4,6
1,4,7
1,4,9
1,4,10
1,4,11
1,4,12
1,4,17
1,4,18
1,4,19
1,4,20
1,4,24
1,4,25
1,4,26
1,4,31
1,4,32
1,4,33
1,4,34
1,4,35
1,4,42
1,4,43
1,4,44
1,4,45
1,4,46
1,4,47
1,4,70
1,4,71
1,4,72
1,4,73
1,4,74
1,4,75
1,4,76
1,4,77
1,4,81
1,4,82
1,4,86
1,4,90
1,4,91
1,4,92
1,4,93
1,4,94
1,4,95
1,4,96
1,4,97
1,4,104
1,4,105
1,4,106
1,4,107
1,4,108
1,4,109
1,4,114
1,4,115
1,4,116
1,4,117
1,4,118
1,4,119
1,4,120
1,4,124
1,4,125
1,4,126
1,4,127
1,4,128
1,4,129
1,4,130
1,4,131
1,4,132
1,4,133
1,4,140
1,4,141
1,4,144
1,4,145
1,4,147
1,4,151
1,4,152
1,4,153
1,4,154
1,4,158
1,4,163
1,4,164
1,4,165
1,4,166
1,4,167
1,4,170
1,4,172
1,4,173
1,4,174
1,5,6
1,5,7
1,5,9
1,5,10
1,5,11
1,5,12
1,5,17
1,5,18
1,5,19
1,5,20
1,5,24
1,5,25
1,5,26
1,5,31
1,5,32
1,5,33
1,5,34
1,5,35
1,5,42
1,5,43
1,5,44
1,5,45
1,5,46
1,5,47
1,5,70
1,5,71
1,5,72
1,5,73
1,5,74
1,5,75
1,5,76
1,5,77
1,5,81
1,5,82
1,5,86
1,5,90
1,5,91
1,5,92
1,5,93
1,5,94
1,5,95
1,5,96
1,5,97
1,5,104
1,5,105
1,5,106
1,5,107
1,5,108
1,5,109
1,5,114
1,5,115
1,5,116
1,5,117
1,5,118
1,5,119
1,5,120
1,5,124
1,5,125
1,5,126
1,5,127
1,5,128
1,5,129
1,5,130
1,5,131
1,5,132
1,5,133
1,5,140
1,5,141
1,5,144
1,5,145
1,5,147
1,5,151
1,5,152
1,5,153
1,5,154
1,5,158
1,5,163
1,5,164
1,5,165
1,5,166
1,5,167
1,5,170
1,5,172
1,5,173
1,5,174
1,6,7
1,6,9
1,6,10
1,6,11
1,6,12
1,6,17
1,6,18
1,6,19
1,6,20
1,6,24
1,6,25
1,6,26
1,6,31
1,6,32
1,6,33
1,6,34
1,6,35
1,6,42
1,6,43
1,6,44
1,6,45
1,6,46
1,6,47
1,6,70
1,6,71
1,6,72
1,6,73
1,6,74
1,6,75
1,6,76
1,6,77
1,6,81
1,6,82
1,6,86
1,6,90
1,6,91
1,6,92
1,6,93
1,6,94
1,6,95
1,6,96
1,6,97
1,6,104
1,6,105
1,6,106
1,6,107
1,6,108
1,6,109
1,6,114
1,6,115
1,6,116
1,6,117
1,6,118
1,6,119
1,6,120
1,6,124
1,6,125
1,6,126
1,6,127
1,6,128
1,6,129
1,6,130
1,6,131
1,6,132
1,6,133
1,6,140
1,6,141
1,6,144
1,6,145
1,6,147
1,6,151
1,6,152
1,6,153
1,6,154
1,6,158
1,6,163
1,6,164
1,6,165
1,6,166
1,6,167
1,6,170
1,6,172
1,6,173
1,6,174
1,7,9
1,7,10
1,7,11
1,7,12
1,7,17
1,7,18
1,7,19
1,7,20
1,7,24
1,7,25
1,7,26
1,7,31
1,7,32
1,7,33
1,7,34
1,7,35
1,7,42
1,7,43
1,7,44
1,7,45
1,7,46
1,7,47
1,7,70
1,7,71
1,7,72
1,7,73
1,7,74
1,7,75
1,7,76
1,7,77
1,7,81
1,7,82
1,7,86
1,7,90
1,7,91
1,7,92
1,7,93
1,7,94
1,7,95
1,7,96
1,7,97
1,7,104
1,7,105
1,7,106
1,7,107
1,7,108
1,7,109
1,7,114
1,7,115
1,7,116
1,7,117
1,7,118
1,7,119
1,7,120
1,7,124
1,7,125
1,7,126
1,7,127
1,7,128
1,7,129
1,7,130
1,7,131
1,7,132
1,7,133
1,7,140
1,7,141
1,7,144
1,7,145
1,7,147
1,7,151
1,7,152
1,7,153
1,7,154
1,7,158
1,7,163
1,7,164
1,7,165
1,7,166
1,7,167
1,7,170
1,7,172
1,7,173
1,7,174
1,8,13
1,8,14
1,8,15
1,8,16
1,8,21
1,8,22
1,8,23
1,8,27
1,8,28
1,8,29
1,8,30
1,8,36
1,8,37
1,8,38
1,8,39
1,8,40
1,8,41
1,8,48
1,8,49
1,8,50
1,8,51
1,8,52
1,8,53
1,8,54
1,8,55
1,8,56
1,8,57
1,8,58
1,8,59
1,8,60
1,8,61
1,8,62
1,8,63
1,8,64
1,8,65
1,8,66
1,8,67
1,8,68
1,8,69
1,8,78
1,8,79
1,8,80
1,8,83
1,8,84
1,8,85
1,8,87
1,8,88
1,8,89
1,8,98
1,8,99
1,8,100
1,8,101
1,8,102
1,8,103
1,8,110
1,8,111
1,8,112
1,8,113
1,8,121
1,8,122
1,8,123
1,8,134
1,8,135
1,8,136
1,8,137
1,8,138
1,8,139
1,8,142
1,8,143
1,8,146
1,8,148
1,8,149
1,8,150
1,8,155
1,8,156
1,8,157
1,8,159
1,8,160
1,8,161
1,8,162
1,8,168
1,8,169
1,8,171
1,8,175
1,8,176
1,8,177
1,8,178
1,8,179
1,8,180
1,8,181
1,8,182
1,8,183
1,8,184
1,9,10
1,9,11
1,9,12
1,9,17
1,9,18
1,9,19
1,9,20
1,9,24
1,9,25
1,9,26
1,9,31
1,9,32
1,9,33
1,9,34
1,9,35
1,9,42
1,9,43
1,9,44
1,9,45
1,9,46
1,9,47
1,9,70
1,9,71
1,9,72
1,9,73
1,9,74
1,9,75
1,9,76
1,9,77
1,9,81
1,9,82
1,9,86
1,9,90
1,9,91
1,9,92
1,9,93
1,9,94
1,9,95
1,9,96
1,9,97
1,9,104
1,9,105
1,9,106
1,9,107
1,9,108
1,9,109
1,9,114
1,9,115
1,9,116
1,9,117
1,9,118
1,9,119
1,9,120
1,9,124
1,9,125
1,9,126
1,9,127
1,9,128
1,9,129
1,9,130
1,9,131
1,9,132
1,9,133
1,9,140
1,9,141
1,9,144
1,9,145
1,9,147
1,9,151
1,9,152
1,9,153
1,9,154
1,9,158
1,9,163
1,9,164
1,9,165
1,9,166
1,9,167
1,9,170
1,9,172
1,9,173
1,9,174
1,10,11
1,10,12
1,10,17
1,10,18
1,10,19
1,10,20
1,10,24
1,10,25
1,10,26
1,10,31
1,10,32
1,10,33
1,10,34
1,10,35
1,10,42
1,10,43
1,10,44
1,10,45
1,10,46
1,10,47
1,10,70
1,10,71
1,10,72
1,10,73
1,10,74
1,10,75
1,10,76
1,10,77
1,10,81
1,10,82
1,10,86
1,10,90
1,10,91
1,10,92
1,10,93
1,10,94
1,10,95
1,10,96
1,10,97
1,10,104
1,10,105
1,10,106
1,10,107
1,10,108
1,10,109
1,10,114
1,10,115
1,10,116
1,10,117
1,10,118
1,10,119
1,10,120
1,10,124
1,10,125
1,10,126
1,10,127
1,10,128
1,10,129
1,10,130
1,10,131
1,10,132
1,10,133
1,10,140
1,10,141
1,10,144
1,10,145
1,10,147
1,10,151
1,10,152
1,10,153
1,10,154
1,10,158
1,10,163
1,10,164
1,10,165
1,10,166
1,10,167
1,10,170
1,10,172
1,10,173
1,10,174
1,11,12
1,11,17
1,11,18
1,11,19
1,11,20
1,11,24
1,11,25
1,11,26
1,11,31
1,11,32
1,11,33
1,11,34
1,11,35
1,11,42
1,11,43
1,11,44
1,11,45
1,11,46
1,11,47
1,11,70
1,11,71
1,11,72
1,11,73
1,11,74
1,11,75
1,11,76
1,11,77
1,11,81
1,11,82
1,11,86
1,11,90
1,11,91
1,11,92
1,11,93
1,11,94
1,11,95
1,11,96
1,11,97
1,11,104
1,11,105
1,11,106
1,11,107
1,11,108
1,11,109
1,11,114
1,11,115
1,11,116
1,11,117
1,11,118
1,11,119
1,11,120
1,11,124
1,11,125
1,11,126
1,11,127
1,11,128
1,11,129
1,11,130
1,11,131
1,11,132
1,11,133
1,11,140
1,11,141
1,11,144
1,11,145
1,11,147
1,11,151
1,11,152
1,11,153
1,11,154
1,11,158
1,11,163
1,11,164
1,11,165
1,11,166
1,11,167
1,11,170
1,11,172
1,11,173
1,11,174
1,12,17
1,12,18
1,12,19
1,12,20
1,12,24
1,12,25
1,12,26
1,12,31
1,12,32
1,12,33
1,12,34
1,12,35
1,12,42
1,12,43
1,12,44
1,12,45
1,12,46
1,12,47
1,12,70
1,12,71
1,12,72
1,12,73
1,12,74
1,12,75
1,12,76
1,12,77
1,12,81
1,12,82
1,12,86
1,12,90
1,12,91
1,12,92
1,12,93
1,12,94
1,12,95
1,12,96
1,12,97
1,12,104
1,12,105
1,12,106
1,12,107
1,12,108
1,12,109
1,12,114
1,12,115
1,12,116
1,12,117
1,12,118
1,12,119
1,12,120
1,12,124
1,12,125
1,12,126
1,12,127
1,12,128
1,12,129
1,12,130
1,12,131
1,12,132
1,12,133
1,12,140
1,12,141
1,12,144
1,12,145
1,12,147
1,12,151
1,12,152
1,12,153
1,12,154
1,12,158
1,12,163
1,12,164
1,12,165
1,12,166
1,12,167
1,12,170
1,12,172
1,12,173
1,12,174
1,13,14
1,13,15
1,13,16
1,13,21
1,13,22
1,13,23
1,13,27
1,13,28
1,13,29
1,13,30
1,13,36
1,13,37
1,13,38
1,13,39
1,13,40
1,13,41
1,13,48
1,13,49
1,13,50
1,13,51
1,13,52
1,13,53
1,13,54
1,13,55
1,13,56
1,13,57
1,13,58
1,13,59
1,13,60
1,13,61
1,13,62
1,13,63
1,13,64
1,13,65
1,13,66
1,13,67
1,13,68
1,13,69
1,13,78
1,13,79
1,13,80
1,13,83
1,13,84
1,13,85
1,13,87
1,13,88
1,13,89
1,13,98
1,13,99
1,13,100
1,13,101
1,13,102
1,13,103
1,13,110
1,13,111
1,13,112
1,13,113
1,13,121
1,13,122
1,13,123
1,13,134
1,13,135
1,13,136
1,13,137
1,13,138
1,13,139
1,13,142
1,13,143
1,13,146
1,13,148
1,13,149
1,13,150
1,13,155
1,13,156
1,13,157
1,13,159
1,13,160
1,13,161
1,13,162
1,13,168
1,13,169
1,13,171
1,13,175
1,13,176
1,13,177
1,13,178
1,13,179
1,13,180
1,13,181
1,13,182
1,13,183
1,13,184
1,14,15
1,14,16
1,14,21
1,14,22
1,14,23
1,14,27
1,14,28
1,14,29
1,14,30
1,14,36
1,14,37
1,14,38
1,14,39
1,14,40
1,14,41
1,14,48
1,14,49
1,14,50
1,14,51
1,14,52
1,14,53
1,14,54
1,14,55
1,14,56
1,14,57
1,14,58
1,14,59
1,14,60
1,14,61
1,14,62
1,14,63
1,14,64
1,14,65
1,14,66
1,14,67
1,14,68
1,14,69
1,14,78
1,14,79
1,14,80
1,14,83
1,14,84
1,14,85
1,14,87
1,14,88
1,14,89
1,14,98
1,14,99
1,14,100
1,14,101
1,14,102
1,14,103
1,14,110
1,14,111
1,14,112
1,14,113
1,14,121
1,14,122
1,14,123
1,14,134
1,14,135
1,14,136
1,14,137
1,14,138
1,14,139
1,14,142
1,14,143
1,14,146
1,14,148
1,14,149
1,14,150
1,14,155
1,14,156
1,14,157
1,14,159
1,14,160
1,14,161
1,14,162
1,14,168
1,14,169
1,14,171
1,14,175
1,14,176
1,14,177
1,14,178
1,14,179
1,14,180
1,14,181
1,14,182
1,14,183
1,14,184
1,15,16
1,15,21
1,15,22
1,15,23
1,15,27
1,15,28
1,15,29
1,15,30
1,15,36
1,15,37
1,15,38
1,15,39
1,15,40
1,15,41
1,15,48
1,15,49
1,15,50
1,15,51
1,15,52
1,15,53
1,15,54
1,15,55
1,15,56
1,15,57
1,15,58
1,15,59
1,15,60
1,15,61
1,15,62
1,15,63
1,15,64
1,15,65
1,15,66
1,15,67
1,15,68
1,15,69
1,15,78
1,15,79
1,15,80
1,15,83
1,15,84
1,15,85
1,15,87
1,15,88
1,15,89
1,15,98
1,15,99
1,15,100
1,15,101
1,15,102
1,15,103
1,15,110
1,15,111
1,15,112
1,15,113
1,15,121
1,15,122
1,15,123
1,15,134
1,15,135
1,15,136
1,15,137
1,15,138
1,15,139
1,15,142
1,15,143
1,15,146
1,15,148
1,15,149
1,15,150
1,15,155
1,15,156
1,15,157
1,15,159
1,15,160
1,15,161
1,15,162
1,15,168
1,15,169
1,15,171
1,15,175
1,15,176
1,15,177
1,15,178
1,15,179
1,15,180
1,15,181
1,15,182
1,15,183
1,15,184
1,16,21
1,16,22
1,16,23
1,16,27
1,16,28
1,16,29
1,16,30
1,16,36
1,16,37
1,16,38
1,16,39
1,16,40
1,16,41
1,16,48
1,16,49
1,16,50
1,16,51
1,16,52
1,16,53
1,16,54
1,16,55
1,16,56
1,16,57
1,16,58
1,16,59
1,16,60
1,16,61
1,16,62
1,16,63
1,16,64
1,16,65
1,16,66
1,16,67
1,16,68
1,16,69
1,16,78
1,16,79
1,16,80
1,16,83
1,16,84
1,16,85
1,16,87
1,16,88
1,16,89
1,16,98
1,16,99
1,16,100
1,16,101
1,16,102
1,16,103
1,16,110
1,16,111
1,16,112
1,16,113
1,16,121
1,16,122
1,16,123
1,16,134
1,16,135
1,16,136
1,16,137
1,16,138
1,16,139
1,16,142
1,16,143
1,16,146
1,16,148
1,16,149
1,16,150
1,16,155
1,16,156
1,16,157
1,16,159
1,16,160
1,16,161
1,16,162
1,16,168
1,16,169
1,16,171
1,16,175
1,16,176
1,16,177
1,16,178
1,16,179
1,16,180
1,16,181
1,16,182
1,16,183
1,16,184
1,17,18
1,17,19
1,17,20
1,17,24
1,17,25
1,17,26
1,17,31
1,17,32
1,17,33
1,17,34
1,17,35
1,17,42
1,17,43
1,17,44
1,17,45
1,17,46
1,17,47
1,17,70
1,17,71
1,17,72
1,17,73
1,17,74
1,17,75
1,17,76
1,17,77
1,17,81
1,17,82
1,17,86
1,17,90
1,17,91
1,17,92
1,17,93
1,17,94
1,17,95
1,17,96
1,17,97
1,17,104
1,17,105
1,17,106
1,17,107
1,17,108
1,17,109
1,17,114
1,17,115
1,17,116
1,17,117
1,17,118
1,17,119
1,17,120
1,17,124
1,17,125
1,17,126
1,17,127
1,17,128
1,17,129
1,17,130
1,17,131
1,17,132
1,17,133
1,17,140
1,17,141
1,17,144
1,17,145
1,17,147
1,17,151
1,17,152
1,17,153
1,17,154
1,17,158
1,17,163
1,17,164
1,17,165
1,17,166
1,17,167
1,17,170
1,17,172
1,17,173
1,17,174
1,18,19
1,18,20
1,18,24
1,18,25
1,18,26
1,18,31
1,18,32
1,18,33
1,18,34
1,18,35
1,18,42
1,18,43
1,18,44
1,18,45
1,18,46
1,18,47
1,18,70
1,18,71
1,18,72
1,18,73
1,18,74
1,18,75
1,18,76
1,18,77
1,18,81
1,18,82
1,18,86
1,18,90
1,18,91
1,18,92
1,18,93
1,18,94
1,18,95
1,18,96
1,18,97
1,18,104
1,18,105
1,18,106
1,18,107
1,18,108
1,18,109
1,18,114
1,18,115
1,18,116
1,18,117
1,18,118
1,18,119
1,18,120
1,18,124
1,18,125
1,18,126
1,18,127
1,18,128
1,18,129
1,18,130
1,18,131
1,18,132
1,18,133
1,18,140
1,18,141
1,18,144
1,18,145
1,18,147
1,18,151
1,18,152
1,18,153
1,18,154
1,18,158
1,18,163
1,18,164
1,18,165
1,18,166
1,18,167
1,18,170
1,18,172
1,18,173
1,18,174
1,19,20
1,19,24
1,19,25
1,19,26
1,19,31
1,19,32
1,19,33
1,19,34
1,19,35
1,19,42
1,19,43
1,19,44
1,19,45
1,19,46
1,19,47
1,19,70
1,19,71
1,19,72
1,19,73
1,19,74
1,19,75
1,19,76
1,19,77
1,19,81
1,19,82
1,19,86
1,19,90
1,19,91
1,19,92
1,19,93
1,19,94
1,19,95
1,19,96
1,19,97
1,19,104
1,19,105
1,19,106
1,19,107
1,19,108
1,19,109
1,19,114
1,19,115
1,19,116
1,19,117
1,19,118
1,19,119
1,19,120
1,19,124
1,19,125
1,19,126
1,19,127
1,19,128
1,19,129
1,19,130
1,19,131
1,19,132
1,19,133
1,19,140
1,19,141
1,19,144
1,19,145
1,19,147
1,19,151
1,19,152
1,19,153
1,19,154
1,19,158
1,19,163
1,19,164
1,19,165
1,19,166
1,19,167
1,19,170
1,19,172
1,19,173
1,19,174
1,20,24
1,20,25
1,20,26
1,20,31
1,20,32
1,20,33
1,20,34
1,20,35
1,20,42
1,20,43
1,20,44
1,20,45
1,20,46
1,20,47
1,20,70
1,20,71
1,20,72
1,20,73
1,20,74
1,20,75
1,20,76
1,20,77
1,20,81
1,20,82
1,20,86
1,20,90
1,20,91
1,20,92
1,20,93
1,20,94
1,20,95
1,20,96
1,20,97
1,20,104
1,20,105
1,20,106
1,20,107
1,20,108
1,20,109
1,20,114
1,20,115
1,20,116
1,20,117
1,20,118
1,20,119
1,20,120
1,20,124
1,20,125
1,20,126
1,20,127
1,20,128
1,20,129
1,20,130
1,20,131
1,20,132
1,20,133
1,20,140
1,20,141
1,20,144
1,20,145
1,20,147
1,20,151
1,20,152
1,20,153
1,20,154
1,20,158
1,20,163
1,20,164
1,20,165
1,20,166
1,20,167
1,20,170
1,20,172
1,20,173
1,20,174
1,21,22
1,21,23
1,21,27
1,21,28
1,21,29
1,21,30
1,21,36
1,21,37
1,21,38
1,21,39
1,21,40
1,21,41
1,21,48
1,21,49
1,21,50
1,21,51
1,21,52
1,21,53
1,21,54
1,21,55
1,21,56
1,21,57
1,21,58
1,21,59
1,21,60
1,21,61
1,21,62
1,21,63
1,21,64
1,21,65
1,21,66
1,21,67
1,21,68
1,21,69
1,21,78
1,21,79
1,21,80
1,21,83
1,21,84
1,21,85
1,21,87
1,21,88
1,21,89
1,21,98
1,21,99
1,21,100
1,21,101
1,21,102
1,21,103
1,21,110
1,21,111
1,21,112
1,21,113
1,21,121
1,21,122
1,21,123
1,21,134
1,21,135
1,21,136
1,21,137
1,21,138
1,21,139
1,21,142
1,21,143
1,21,146
1,21,148
1,21,149
1,21,150
1,21,155
1,21,156
1,21,157
1,21,159
1,21,160
1,21,161
1,21,162
1,21,168
1,21,169
1,21,171
1,21,175
1,21,176
1,21,177
1,21,178
1,21,179
1,21,180
1,21,181
1,21,182
1,21,183
1,21,184
1,22,23
1,22,27
1,22,28
1,22,29
1,22,30
1,22,36
1,22,37
1,22,38
1,22,39
1,22,40
1,22,41
1,22,48
1,22,49
1,22,50
1,22,51
1,22,52
1,22,53
1,22,54
1,22,55
1,22,56
1,22,57
1,22,58
1,22,59
1,22,60
1,22,61
1,22,62
1,22,63
1,22,64
1,22,65
1,22,66
1,22,67
1,22,68
1,22,69
1,22,78
1,22,79
1,22,80
1,22,83
1,22,84
1,22,85
1,22,87
1,22,88
1,22,89
1,22,98
1,22,99
1,22,100
1,22,101
1,22,102
1,22,103
1,22,110
1,22,111
1,22,112
1,22,113
1,22,121
1,22,122
1,22,123
1,22,134
1,22,135
1,22,136
1,22,137
1,22,138
1,22,139
1,22,142
1,22,143
1,22,146
1,22,148
1,22,149
1,22,150
1,22,155
1,22,156
1,22,157
1,22,159
1,22,160
1,22,161
1,22,162
1,22,168
1,22,169
1,22,171
1,22,175
1,22,176
1,22,177
1,22,178
1,22,179
1,22,180
1,22,181
1,22,182
1,22,183
1,22,184
1,23,27
1,23,28
1,23,29
1,23,30
1,23,36
1,23,37
1,23,38
1,23,39
1,23,40
1,23,41
1,23,48
1,23,49
1,23,50
1,23,51
1,23,52
1,23,53
1,23,54
1,23,55
1,23,56
1,23,57
1,23,58
1,23,59
1,23,60
1,23,61
1,23,62
1,23,63
1,23,64
1,23,65
1,23,66
1,23,67
1,23,68
1,23,69
1,23,78
1,23,79
1,23,80
1,23,83
1,23,84
1,23,85
1,23,87
1,23,88
1,23,89
1,23,98
1,23,99
1,23,100
1,23,101
1,23,102
1,23,103
1,23,110
1,23,111
1,23,112
1,23,113
1,23,121
1,23,122
1,23,123
1,23,134
1,23,135
1,23,136
1,23,137
1,23,138
1,23,139
1,23,142
1,23,143
1,23,146
1,23,148
1,23,149
1,23,150
1,23,155
1,23,156
1,23,157
1,23,159
1,23,160
1,23,161
1,23,162
1,23,168
1,23,169
1,23,171
1,23,175
1,23,176
1,23,177
1,23,178
1,23,179
1,23,180
1,23,181
1,23,182
1,23,183
1,23,184
1,24,25
1,24,26
1,24,31
1,24,32
1,24,33
1,24,34
1,24,35
1,24,42
1,24,43
1,24,44
1,24,45
1,24,46
1,24,47
1,24,70
1,24,71
1,24,72
1,24,73
1,24,74
1,24,75
1,24,76
1,24,77
1,24,81
1,24,82
1,24,86
1,24,90
1,24,91
1,24,92
1,24,93
1,24,94
1,24,95
1,24,96
1,24,97
1,24,104
1,24,105
1,24,106
1,24,107
1,24,108
1,24,109
1,24,114
1,24,115
1,24,116
1,24,117
1,24,118
1,24,119
1,24,120
1,24,124
1,24,125
1,24,126
1,24,127
1,24,128
1,24,129
1,24,130
1,24,131
1,24,132
1,24,133
1,24,140
1,24,141
1,24,144
1,24,145
1,24,147
1,24,151
1,24,152
1,24,153
1,24,154
1,24,158
1,24,163
1,24,164
1,24,165
1,24,166
1,24,167
1,24,170
1,24,172
1,24,173
1,24,174
1,25,26
1,25,31
1,25,32
1,25,33
1,25,34
1,25,35
1,25,42
1,25,43
1,25,44
1,25,45
1,25,46
1,25,47
1,25,70
1,25,71
1,25,72
1,25,73
1,25,74
1,25,75
1,25,76
1,25,77
1,25,81
1,25,82
1,25,86
1,25,90
1,25,91
1,25,92
1,25,93
1,25,94
1,25,95
1,25,96
1,25,97
1,25,104
1,25,105
1,25,106
1,25,107
1,25,108
1,25,109
1,25,114
1,25,115
1,25,116
1,25,117
1,25,118
1,25,119
1,25,120
1,25,124
1,25,125
1,25,126
1,25,127
1,25,128
1,25,129
1,25,130
1,25,131
1,25,132
1,25,133
1,25,140
1,25,141
1,25,144
1,25,145
1,25,147
1,25,151
1,25,152
1,25,153
1,25,154
1,25,158
1,25,163
1,25,164
1,25,165
1,25,166
1,25,167
1,25,170
1,25,172
1,25,173
1,25,174
1,26,31
1,26,32
1,26,33
1,26,34
1,26,35
1,26,42
1,26,43
1,26,44
1,26,45
1,26,46
1,26,47
1,26,70
1,26,71
1,26,72
1,26,73
1,26,74
1,26,75
1,26,76
1,26,77
1,26,81
1,26,82
1,26,86
1,26,90
1,26,91
1,26,92
1,26,93
1,26,94
1,26,95
1,26,96
1,26,97
1,26,104
1,26,105
1,26,106
1,26,107
1,26,108
1,26,109
1,26,114
1,26,115
1,26,116
1,26,117
1,26,118
1,26,119
1,26,120
1,26,124
1,26,125
1,26,126
1,26,127
1,26,128
1,26,129
1,26,130
1,26,131
1,26,132
1,26,133
1,26,140
1,26,141
1,26,144
1,26,145
1,26,147
1,26,151
1,26,152
1,26,153
1,26,154
1,26,158
1,26,163
1,26,164
1,26,165
1,26,166
1,26,167
1,26,170
1,26,172
1,26,173
1,26,174
1,27,28
1,27,29
1,27,30
1,27,36
1,27,37
1,27,38
1,27,39
1,27,40
1,27,41
1,27,48
1,27,49
1,27,50
1,27,51
1,27,52
1,27,53
1,27,54
1,27,55
1,27,56
1,27,57
1,27,58
1,27,59
1,27,60
1,27,61
1,27,62
1,27,63
1,27,64
1,27,65
1,27,66
1,27,67
1,27,68
1,27,69
1,27,78
1,27,79
1,27,80
1,27,83
1,27,84
1,27,85
1,27,87
1,27,88
1,27,89
1,27,98
1,27,99
1,27,100
1,27,101
1,27,102
1,27,103
1,27,110
1,27,111
1,27,112
1,27,113
1,27,121
1,27,122
1,27,123
1,27,134
1,27,135
1,27,136
1,27,137
1,27,138
1,27,139
1,27,142
1,27,143
1,27,146
1,27,148
1,27,149
1,27,150
1,27,155
1,27,156
1,27,157
1,27,159
1,27,160
1,27,161
1,27,162
1,27,168
1,27,169
1,27,171
1,27,175
1,27,176
1,27,177
1,27,178
1,27,179
1,27,180
1,27,181
1,27,182
1,27,183
1,27,184
1,28,29
1,28,30
1,28,36
1,28,37
1,28,38
1,28,39
1,28,40
1,28,41
1,28,48
1,28,49
1,28,50
1,28,51
1,28,52
1,28,53
1,28,54
1,28,55
1,28,56
1,28,57
1,28,58
1,28,59
1,28,60
1,28,61
1,28,62
1,28,63
1,28,64
1,28,65
1,28,66
1,28,67
1,28,68
1,28,69
1,28,78
1,28,79
1,28,80
1,28,83
1,28,84
1,28,85
1,28,87
1,28,88
1,28,89
1,28,98
1,28,99
1,28,100
1,28,101
1,28,102
1,28,103
1,28,110
1,28,111
1,28,112
1,28,113
1,28,121
1,28,122
1,28,123
1,28,134
1,28,135
1,28,136
1,28,137
1,28,138
1,28,139
1,28,142
1,28,143
1,28,146
1,28,148
1,28,149
1,28,150
1,28,155
1,28,156
1,28,157
1,28,159
1,28,160
1,28,161
1,28,162
1,28,168
1,28,169
1,28,171
1,28,175
1,28,176
1,28,177
1,28,178
1,28,179
1,28,180
1,28,181
1,28,182
1,28,183
1,28,184
1,29,30
1,29,36
1,29,37
1,29,38
1,29,39
1,29,40
1,29,41
1,29,48
1,29,49
1,29,50
1,29,51
1,29,52
1,29,53
1,29,54
1,29,55
1,29,56
1,29,57
1,29,58
1,29,59
1,29,60
1,29,61
1,29,62
1,29,63
1,29,64
1,29,65
1,29,66
1,29,67
1,29,68
1,29,69
1,29,78
1,29,79
1,29,80
1,29,83
1,29,84
1,29,85
1,29,87
1,29,88
1,29,89
1,29,98
1,29,99
1,29,100
1,29,101
1,29,102
1,29,103
1,29,110
1,29,111
1,29,112
1,29,113
1,29,121
1,29,122
1,29,123
1,29,134
1,29,135
1,29,136
1,29,137
1,29,138
1,29,139
1,29,142
1,29,143
1,29,146
1,29,148
1,29,149
1,29,150
1,29,155
1,29,156
1,29,157
1,29,159
1,29,160
1,29,161
1,29,162
1,29,168
1,29,169
1,29,171
1,29,175
1,29,176
1,29,177
1,29,178
1,29,179
1,29,180
1,29,181
1,29,182
1,29,183
1,29,184
1,30,36
1,30,37
1,30,38
1,30,39
1,30,40
1,30,41
1,30,48
1,30,49
1,30,50
1,30,51
1,30,52
1,30,53
1,30,54
1,30,55
1,30,56
1,30,57
1,30,58
1,30,59
1,30,60
1,30,61
1,30,62
1,30,63
1,30,64
1,30,65
1,30,66
1,30,67
1,30,68
1,30,69
1,30,78
1,30,79
1,30,80
1,30,83
1,30,84
1,30,85
1,30,87
1,30,88
1,30,89
1,30,98
1,30,99
1,30,100
1,30,101
1,30,102
1,30,103
1,30,110
1,30,111
1,30,112
1,30,113
1,30,121
1,30,122
1,30,123
1,30,134
1,30,135
1,30,136
1,30,137
1,30,138
1,30,139
1,30,142
1,30,143
1,30,146
1,30,148
1,30,149
1,30,150
1,30,155
1,30,156
1,30,157
1,30,159
1,30,160
1,30,161
1,30,162
1,30,168
1,30,169
1,30,171
1,30,175
1,30,176
1,30,177
1,30,178
1,30,179
1,30,180
1,30,181
1,30,182
1,30,183
1,30,184
1,31,32
1,31,33
1,31,34
1,31,35
1,31,42
1,31,43
1,31,44
1,31,45
1,31,46
1,31,47
1,31,70
1,31,71
1,31,72
1,31,73
1,31,74
1,31,75
1,31,76
1,31,77
1,31,81
1,31,82
1,31,86
1,31,90
1,31,91
1,31,92
1,31,93
1,31,94
1,31,95
1,31,96
1,31,97
1,31,104
1,31,105
1,31,106
1,31,107
1,31,108
1,31,109
1,31,114
1,31,115
1,31,116
1,31,117
1,31,118
1,31,119
1,31,120
1,31,124
1,31,125
1,31,126
1,31,127
1,31,128
1,31,129
1,31,130
1,31,131
1,31,132
1,31,133
1,31,140
1,31,141
1,31,144
1,31,145
1,31,147
1,31,151
1,31,152
1,31,153
1,31,154
1,31,158
1,31,163
1,31,164
1,31,165
1,31,166
1,31,167
1,31,170
1,31,172
1,31,173
1,31,174
1,32,33
1,32,34
1,32,35
1,32,42
1,32,43
1,32,44
1,32,45
1,32,46
1,32,47
1,32,70
1,32,71
1,32,72
1,32,73
1,32,74
1,32,75
1,32,76
1,32,77
1,32,81
1,32,82
1,32,86
1,32,90
1,32,91
1,32,92
1,32,93
1,32,94
1,32,95
1,32,96
1,32,97
1,32,104
1,32,105
1,32,106
1,32,107
1,32,108
1,32,109
1,32,114
1,32,115
1,32,116
1,32,117
1,32,118
1,32,119
1,32,120
1,32,124
1,32,125
1,32,126
1,32,127
1,32,128
1,32,129
1,32,130
1,32,131
1,32,132
1,32,133
1,32,140
1,32,141
1,32,144
1,32,145
1,32,147
1,32,151
1,32,152
1,32,153
1,32,154
1,32,158
1,32,163
1,32,164
1,32,165
1,32,166
1,32,167
1,32,170
1,32,172
1,32,173
1,32,174
1,33,34
1,33,35
1,33,42
1,33,43
1,33,44
1,33,45
1,33,46
1,33,47
1,33,70
1,33,71
1,33,72
1,33,73
1,33,74
1,33,75
1,33,76
1,33,77
1,33,81
1,33,82
1,33,86
1,33,90
1,33,91
1,33,92
1,33,93
1,33,94
1,33,95
1,33,96
1,33,97
1,33,104
1,33,105
1,33,106
1,33,107
1,33,108
1,33,109
1,33,114
1,33,115
1,33,116
1,33,117
1,33,118
1,33,119
1,33,120
1,33,124
1,33,125
1,33,126
1,33,127
1,33,128
1,33,129
1,33,130
1,33,131
1,33,132
1,33,133
1,33,140
1,33,141
1,33,144
1,33,145
1,33,147
1,33,151
1,33,152
1,33,153
1,33,154
1,33,158
1,33,163
1,33,164
1,33,165
1,33,166
1,33,167
1,33,170
1,33,172
1,33,173
1,33,174
1,34,35
1,34,42
1,34,43
1,34,44
1,34,45
1,34,46
1,34,47
1,34,70
1,34,71
1,34,72
1,34,73
1,34,74
1,34,75
1,34,76
1,34,77
1,34,81
1,34,82
1,34,86
1,34,90
1,34,91
1,34,92
1,34,93
1,34,94
1,34,95
1,34,96
1,34,97
1,34,104
1,34,105
1,34,106
1,34,107
1,34,108
1,34,109
1,34,114
1,34,115
1,34,116
1,34,117
1,34,118
1,34,119
1,34,120
1,34,124
1,34,125
1,34,126
1,34,127
1,34,128
1,34,129
1,34,130
1,34,131
1,34,132
1,34,133
1,34,140
1,34,141
1,34,144
1,34,145
1,34,147
1,34,151
1,34,152
1,34,153
1,34,154
1,34,158
1,34,163
1,34,164
1,34,165
1,34,166
1,34,167
1,34,170
1,34,172
1,34,173
1,34,174
1,35,42
1,35,43
1,35,44
1,35,45
1,35,46
1,35,47
1,35,70
1,35,71
1,35,72
1,35,73
1,35,74
1,35,75
1,35,76
1,35,77
1,35,81
1,35,82
1,35,86
1,35,90
1,35,91
1,35,92
1,35,93
1,35,94
1,35,95
1,35,96
1,35,97
1,35,104
1,35,105
1,35,106
1,35,107
1,35,108
1,35,109
1,35,114
1,35,115
1,35,116
1,35,117
1,35,118
1,35,119
1,35,120
1,35,124
1,35,125
1,35,126
1,35,127
1,35,128
1,35,129
1,35,130
1,35,131
1,35,132
1,35,133
1,35,140
1,35,141
1,35,144
1,35,145
1,35,147
1,35,151
1,35,152
1,35,153
1,35,154
1,35,158
1,35,163
1,35,164
1,35,165
1,35,166
1,35,167
1,35,170
1,35,172
1,35,173
1,35,174
1,36,37
1,36,38
1,36,39
1,36,40
1,36,41
1,36,48
1,36,49
1,36,50
1,36,51
1,36,52
1,36,53
1,36,54
1,36,55
1,36,56
1,36,57
1,36,58
1,36,59
1,36,60
1,36,61
1,36,62
1,36,63
1,36,64
1,36,65
1,36,66
1,36,67
1,36,68
1,36,69
1,36,78
1,36,79
1,36,80
1,36,83
1,36,84
1,36,85
1,36,87
1,36,88
1,36,89
1,36,98
1,36,99
1,36,100
1,36,101
1,36,102
1,36,103
1,36,110
1,36,111
1,36,112
1,36,113
1,36,121
1,36,122
1,36,123
1,36,134
1,36,135
1,36,136
1,36,137
1,36,138
1,36,139
1,36,142
1,36,143
1,36,146
1,36,148
1,36,149
1,36,150
1,36,155
1,36,156
1,36,157
1,36,159
1,36,160
1,36,161
1,36,162
1,36,168
1,36,169
1,36,171
1,36,175
1,36,176
1,36,177
1,36,178
1,36,179
1,36,180
1,36,181
1,36,182
1,36,183
1,36,184
1,37,38
1,37,39
1,37,40
1,37,41
1,37,48
1,37,49
1,37,50
1,37,51
1,37,52
1,37,53
1,37,54
1,37,55
1,37,56
1,37,57
1,37,58
1,37,59
1,37,60
1,37,61
1,37,62
1,37,63
1,37,64
1,37,65
1,37,66
1,37,67
1,37,68
1,37,69
1,37,78
1,37,79
1,37,80
1,37,83
1,37,84
1,37,85
1,37,87
1,37,88
1,37,89
1,37,98
1,37,99
1,37,100
1,37,101
1,37,102
1,37,103
1,37,110
1,37,111
1,37,112
1,37,113
1,37,121
1,37,122
1,37,123
1,37,134
1,37,135
1,37,136
1,37,137
1,37,138
1,37,139
1,37,142
1,37,143
1,37,146
1,37,148
1,37,149
1,37,150
1,37,155
1,37,156
1,37,157
1,37,159
1,37,160
1,37,161
1,37,162
1,37,168
1,37,169
1,37,171
1,37,175
1,37,176
1,37,177
1,37,178
1,37,179
1,37,180
1,37,181
1,37,182
1,37,183
1,37,184
1,38,39
1,38,40
1,38,41
1,38,48
1,38,49
1,38,50
1,38,51
1,38,52
1,38,53
1,38,54
1,38,55
1,38,56
1,38,57
1,38,58
1,38,59
1,38,60
1,38,61
1,38,62
1,38,63
1,38,64
1,38,65
1,38,66
1,38,67
1,38,68
1,38,69
1,38,78
1,38,79
1,38,80
1,38,83
1,38,84
1,38,85
1,38,87
1,38,88
1,38,89
1,38,98
1,38,99
1,38,100
1,38,101
1,38,102
1,38,103
1,38,110
1,38,111
1,38,112
1,38,113
1,38,121
1,38,122
1,38,123
1,38,134
1,38,135
1,38,136
1,38,137
1,38,138
1,38,139
1,38,142
1,38,143
1,38,146
1,38,148
1,38,149
1,38,150
1,38,155
1,38,156
1,38,157
1,38,159
1,38,160
1,38,161
1,38,162
1,38,168
1,38,169
1,38,171
1,38,175
1,38,176
1,38,177
1,38,178
1,38,179
1,38,180
1,38,181
1,38,182
1,38,183
1,38,184
1,39,40
1,39,41
1,39,48
1,39,49
1,39,50
1,39,51
1,39,52
1,39,53
1,39,54
1,39,55
1,39,56
1,39,57
1,39,58
1,39,59
1,39,60
1,39,61
1,39,62
1,39,63
1,39,64
1,39,65
1,39,66
1,39,67
1,39,68
1,39,69
1,39,78
1,39,79
1,39,80
1,39,83
1,39,84
1,39,85
1,39,87
1,39,88
1,39,89
1,39,98
1,39,99
1,39,100
1,39,101
1,39,102
1,39,103
1,39,110
1,39,111
1,39,112
1,39,113
1,39,121
1,39,122
1,39,123
1,39,134
1,39,135
1,39,136
1,39,137
1,39,138
1,39,139
1,39,142
1,39,143
1,39,146
1,39,148
1,39,149
1,39,150
1,39,155
1,39,156
1,39,157
1,39,159
1,39,160
1,39,161
1,39,162
1,39,168
1,39,169
1,39,171
1,39,175
1,39,176
1,39,177
1,39,178
1,39,179
1,39,180
1,39,181
1,39,182
1,39,183
1,39,184
1,40,41
1,40,48
1,40,49
1,40,50
1,40,51
1,40,52
1,40,53
1,40,54
1,40,55
1,40,56
1,40,57
1,40,58
1,40,59
1,40,60
1,40,61
1,40,62
1,40,63
1,40,64
1,40,65
1,40,66
1,40,67
1,40,68
1,40,69
1,40,78
1,40,79
1,40,80
1,40,83
1,40,84
1,40,85
1,40,87
1,40,88
1,40,89
1,40,98
1,40,99
1,40,100
1,40,101
1,40,102
1,40,103
1,40,110
1,40,111
1,40,112
1,40,113
1,40,121
1,40,122
1,40,123
1,40,134
1,40,135
1,40,136
1,40,137
1,40,138
1,40,139
1,40,142
1,40,143
1,40,146
1,40,148
1,40,149
1,40,150
1,40,155
1,40,156
1,40,157
1,40,159
1,40,160
1,40,161
1,40,162
1,40,168
1,40,169
1,40,171
1,40,175
1,40,176
1,40,177
1,40,178
1,40,179
1,40,180
1,40,181
1,40,182
1,40,183
1,40,184
1,41,48
1,41,49
1,41,50
1,41,51
1,41,52
1,41,53
1,41,54
1,41,55
1,41,56
1,41,57
1,41,58
1,41,59
1,41,60
1,41,61
1,41,62
1,41,63
1,41,64
1,41,65
1,41,66
1,41,67
1,41,68
1,41,69
1,41,78
1,41,79
1,41,80
1,41,83
1,41,84
1,41,85
1,41,87
1,41,88
1,41,89
1,41,98
1,41,99
1,41,100
1,41,101
1,41,102
1,41,103
1,41,110
1,41,111
1,41,112
1,41,113
1,41,121
1,41,122
1,41,123
1,41,134
1,41,135
1,41,136
1,41,137
1,41,138
1,41,139
1,41,142
1,41,143
1,41,146
1,41,148
1,41,149
1,41,150
1,41,155
1,41,156
1,41,157
1,41,159
1,41,160
1,41,161
1,41,162
1,41,168
1,41,169
1,41,171
1,41,175
1,41,176
1,41,177
1,41,178
1,41,179
1,41,180
1,41,181
1,41,182
1,41,183
1,41,184
1,42,43
1,42,44
1,42,45
1,42,46
1,42,47
1,42,70
1,42,71
1,42,72
1,42,73
1,42,74
1,42,75
1,42,76
1,42,77
1,42,81
1,42,82
1,42,86
1,42,90
1,42,91
1,42,92
1,42,93
1,42,94
1,42,95
1,42,96
1,42,97
1,42,104
1,42,105
1,42,106
1,42,107
1,42,108
1,42,109
1,42,114
1,42,115
1,42,116
1,42,117
1,42,118
1,42,119
1,42,120
1,42,124
1,42,125
1,42,126
1,42,127
1,42,128
1,42,129
1,42,130
1,42,131
1,42,132
1,42,133
1,42,140
1,42,141
1,42,144
1,42,145
1,42,147
1,42,151
1,42,152
1,42,153
1,42,154
1,42,158
1,42,163
1,42,164
1,42,165
1,42,166
1,42,167
1,42,170
1,42,172
1,42,173
1,42,174
1,43,44
1,43,45
1,43,46
1,43,47
1,43,70
1,43,71
1,43,72
1,43,73
1,43,74
1,43,75
1,43,76
1,43,77
1,43,81
1,43,82
1,43,86
1,43,90
1,43,91
1,43,92
1,43,93
1,43,94
1,43,95
1,43,96
1,43,97
1,43,104
1,43,105
1,43,106
1,43,107
1,43,108
1,43,109
1,43,114
1,43,115
1,43,116
1,43,117
1,43,118
1,43,119
1,43,120
1,43,124
1,43,125
1,43,126
1,43,127
1,43,128
1,43,129
1,43,130
1,43,131
1,43,132
1,43,133
1,43,140
1,43,141
1,43,144
1,43,145
1,43,147
1,43,151
1,43,152
1,43,153
1,43,154
1,43,158
1,43,163
1,43,164
1,43,165
1,43,166
1,43,167
1,43,170
1,43,172
1,43,173
1,43,174
1,44,45
1,44,46
1,44,47
1,44,70
1,44,71
1,44,72
1,44,73
1,44,74
1,44,75
1,44,76
1,44,77
1,44,81
1,44,82
1,44,86
1,44,90
1,44,91
1,44,92
1,44,93
1,44,94
1,44,95
1,44,96
1,44,97
1,44,104
1,44,105
1,44,106
1,44,107
1,44,108
1,44,109
1,44,114
1,44,115
1,44,116
1,44,117
1,44,118
1,44,119
1,44,120
1,44,124
1,44,125
1,44,126
1,44,127
1,44,128
1,44,129
1,44,130
1,44,131
1,44,132
1,44,133
1,44,140
1,44,141
1,44,144
1,44,145
1,44,147
1,44,151
1,44,152
1,44,153
1,44,154
1,44,158
1,44,163
1,44,164
1,44,165
1,44,166
1,44,167
1,44,170
1,44,172
1,44,173
1,44,174
1,45,46
1,45,47
1,45,70
1,45,71
1,45,72
1,45,73
1,45,74
1,45,75
1,45,76
1,45,77
1,45,81
1,45,82
1,45,86
1,45,90
1,45,91
1,45,92
1,45,93
1,45,94
1,45,95
1,45,96
1,45,97
1,45,104
1,45,105
1,45,106
1,45,107
1,45,108
1,45,109
1,45,114
1,45,115
1,45,116
1,45,117
1,45,118
1,45,119
1,45,120
1,45,124
1,45,125
1,45,126
1,45,127
1,45,128
1,45,129
1,45,130
1,45,131
1,45,132
1,45,133
1,45,140
1,45,141
1,45,144
1,45,145
1,45,147
1,45,151
1,45,152
1,45,153
1,45,154
1,45,158
1,45,163
1,45,164
1,45,165
1,45,166
1,45,167
1,45,170
1,45,172
1,45,173
1,45,174
1,46,47
1,46,70
1,46,71
1,46,72
1,46,73
1,46,74
1,46,75
1,46,76
1,46,77
1,46,81
1,46,82
1,46,86
1,46,90
1,46,91
1,46,92
1,46,93
1,46,94
1,46,95
1,46,96
1,46,97
1,46,104
1,46,105
1,46,106
1,46,107
1,46,108
1,46,109
1,46,114
1,46,115
1,46,116
1,46,117
1,46,118
1,46,119
1,46,120
1,46,124
1,46,125
1,46,126
1,46,127
1,46,128
1,46,129
1,46,130
1,46,131
1,46,132
1,46,133
1,46,140
1,46,141
1,46,144
1,46,145
1,46,147
1,46,151
1,46,152
1,46,153
1,46,154
1,46,158
1,46,163
1,46,164
1,46,165
1,46,166
1,46,167
1,46,170
1,46,172
1,46,173
1,46,174
1,47,70
1,47,71
1,47,72
1,47,73
1,47,74
1,47,75
1,47,76
1,47,77
1,47,81
1,47,82
1,47,86
1,47,90
1,47,91
1,47,92
1,47,93
1,47,94
1,47,95
1,47,96
1,47,97
1,47,104
1,47,105
1,47,106
1,47,107
1,47,108
1,47,109
1,47,114
1,47,115
1,47,116
1,47,117
1,47,118
1,47,119
1,47,120
1,47,124
1,47,125
1,47,126
1,47,127
1,47,128
1,47,129
1,47,130
1,47,131
1,47,132
1,47,133
1,47,140
1,47,141
1,47,144
1,47,145
1,47,147
1,47,151
1,47,152
1,47,153
1,47,154
1,47,158
1,47,163
1,47,164
1,47,165
1,47,166
1,47,167
1,47,170
1,47,172
1,47,173
1,47,174
1,48,49
1,48,50
1,48,51
1,48,52
1,48,53
1,48,54
1,48,55
1,48,56
1,48,57
1,48,58
1,48,59
1,48,60
1,48,61
1,48,62
1,48,63
1,48,64
1,48,65
1,48,66
1,48,67
1,48,68
1,48,69
1,48,78
1,48,79
1,48,80
1,48,83
1,48,84
1,48,85
1,48,87
1,48,88
1,48,89
1,48,98
1,48,99
1,48,100
1,48,101
1,48,102
1,48,103
1,48,110
1,48,111
1,48,112
1,48,113
1,48,121
1,48,122
1,48,123
1,48,134
1,48,135
1,48,136
1,48,137
1,48,138
1,48,139
1,48,142
1,48,143
1,48,146
1,48,148
1,48,149
1,48,150
1,48,155
1,48,156
1,48,157
1,48,159
1,48,160
1,48,161
1,48,162
1,48,168
1,48,169
1,48,171
1,48,175
1,48,176
1,48,177
1,48,178
1,48,179
1,48,180
1,48,181
1,48,182
1,48,183
1,48,184
1,49,50
1,49,51
1,49,52
1,49,53
1,49,54
1,49,55
1,49,56
1,49,57
1,49,58
1,49,59
1,49,60
1,49,61
1,49,62
1,49,63
1,49,64
1,49,65
1,49,66
1,49,67
1,49,68
1,49,69
1,49,78
1,49,79
1,49,80
1,49,83
1,49,84
1,49,85
1,49,87
1,49,88
1,49,89
1,49,98
1,49,99
1,49,100
1,49,101
1,49,102
1,49,103
1,49,110
1,49,111
1,49,112
1,49,113
1,49,121
1,49,122
1,49,123
1,49,134
1,49,135
1,49,136
1,49,137
1,49,138
1,49,139
1,49,142
1,49,143
1,49,146
1,49,148
1,49,149
1,49,150
1,49,155
1,49,156
1,49,157
1,49,159
1,49,160
1,49,161
1,49,162
1,49,168
1,49,169
1,49,171
1,49,175
1,49,176
1,49,177
1,49,178
1,49,179
1,49,180
1,49,181
1,49,182
1,49,183
1,49,184
1,50,51
1,50,52
1,50,53
1,50,54
1,50,55
1,50,56
1,50,57
1,50,58
1,50,59
1,50,60
1,50,61
1,50,62
1,50,63
1,50,64
1,50,65
1,50,66
1,50,67
1,50,68
1,50,69
1,50,78
1,50,79
1,50,80
1,50,83
1,50,84
1,50,85
1,50,87
1,50,88
1,50,89
1,50,98
1,50,99
1,50,100
1,50,101
1,50,102
1,50,103
1,50,110
1,50,111
1,50,112
1,50,113
1,50,121
1,50,122
1,50,123
1,50,134
1,50,135
1,50,136
1,50,137
1,50,138
1,50,139
1,50,142
1,50,143
1,50,146
1,50,148
1,50,149
1,50,150
1,50,155
1,50,156
1,50,157
1,50,159
1,50,160
1,50,161
1,50,162
1,50,168
1,50,169
1,50,171
1,50,175
1,50,176
1,50,177
1,50,178
1,50,179
1,50,180
1,50,181
1,50,182
1,50,183
1,50,184
1,51,52
1,51,53
1,51,54
1,51,55
1,51,56
1,51,57
1,51,58
1,51,59
1,51,60
1,51,61
1,51,62
1,51,63
1,51,64
1,51,65
1,51,66
1,51,67
1,51,68
1,51,69
1,51,78
1,51,79
1,51,80
1,51,83
1,51,84
1,51,85
1,51,87
1,51,88
1,51,89
1,51,98
1,51,99
1,51,100
1,51,101
1,51,102
1,51,103
1,51,110
1,51,111
1,51,112
1,51,113
1,51,121
1,51,122
1,51,123
1,51,134
1,51,135
1,51,136
1,51,137
1,51,138
1,51,139
1,51,142
1,51,143
1,51,146
1,51,148
1,51,149
1,51,150
1,51,155
1,51,156
1,51,157
1,51,159
1,51,160
1,51,161
1,51,162
1,51,168
1,51,169
1,51,171
1,51,175
1,51,176
1,51,177
1,51,178
1,51,179
1,51,180
1,51,181
1,51,182
1,51,183
1,51,184
1,52,53
1,52,54
1,52,55
1,52,56
1,52,57
1,52,58
1,52,59
1,52,60
1,52,61
1,52,62
1,52,63
1,52,64
1,52,65
1,52,66
1,52,67
1,52,68
1,52,69
1,52,78
1,52,79
1,52,80
1,52,83
1,52,84
1,52,85
1,52,87
1,52,88
1,52,89
1,52,98
1,52,99
1,52,100
1,52,101
1,52,102
1,52,103
1,52,110
1,52,111
1,52,112
1,52,113
1,52,121
1,52,122
1,52,123
1,52,134
1,52,135
1,52,136
1,52,137
1,52,138
1,52,139
1,52,142
1,52,143
1,52,146
1,52,148
1,52,149
1,52,150
1,52,155
1,52,156
1,52,157
1,52,159
1,52,160
1,52,161
1,52,162
1,52,168
1,52,169
1,52,171
1,52,175
1,52,176
1,52,177
1,52,178
1,52,179
1,52,180
1,52,181
1,52,182
1,52,183
1,52,184
1,53,54
1,53,55
1,53,56
1,53,57
1,53,58
1,53,59
1,53,60
1,53,61
1,53,62
1,53,63
1,53,64
1,53,65
1,53,66
1,53,67
1,53,68
1,53,69
1,53,78
1,53,79
1,53,80
1,53,83
1,53,84
1,53,85
1,53,87
1,53,88
1,53,89
1,53,98
1,53,99
1,53,100
1,53,101
1,53,102
1,53,103
1,53,110
1,53,111
1,53,112
1,53,113
1,53,121
1,53,122
1,53,123
1,53,134
1,53,135
1,53,136
1,53,137
1,53,138
1,53,139
1,53,142
1,53,143
1,53,146
1,53,148
1,53,149
1,53,150
1,53,155
1,53,156
1,53,157
1,53,159
1,53,160
1,53,161
1,53,162
1,53,168
1,53,169
1,53,171
1,53,175
1,53,176
1,53,177
1,53,178
1,53,179
1,53,180
1,53,181
1,53,182
1,53,183
1,53,184
1,54,55
1,54,56
1,54,57
1,54,58
1,54,59
1,54,60
1,54,61
1,54,62
1,54,63
1,54,64
1,54,65
1,54,66
1,54,67
1,54,68
1,54,69
1,54,78
1,54,79
1,54,80
1,54,83
1,54,84
1,54,85
1,54,87
1,54,88
1,54,89
1,54,98
1,54,99
1,54,100
1,54,101
1,54,102
1,54,103
1,54,110
1,54,111
1,54,112
1,54,113
1,54,121
1,54,122
1,54,123
1,54,134
1,54,135
1,54,136
1,54,137
1,54,138
1,54,139
1,54,142
1,54,143
1,54,146
1,54,148
1,54,149
1,54,150
1,54,155
1,54,156
1,54,157
1,54,159
1,54,160
1,54,161
1,54,162
1,54,168
1,54,169
1,54,171
1,54,175
1,54,176
1,54,177
1,54,178
1,54,179
1,54,180
1,54,181
1,54,182
1,54,183
1,54,184
1,55,56
1,55,57
1,55,58
1,55,59
1,55,60
1,55,61
1,55,62
1,55,63
1,55,64
1,55,65
1,55,66
1,55,67
1,55,68
1,55,69
1,55,78
1,55,79
1,55,80
1,55,83
1,55,84
1,55,85
1,55,87
1,55,88
1,55,89
1,55,98
1,55,99
1,55,100
1,55,101
1,55,102
1,55,103
1,55,110
1,55,111
1,55,112
1,55,113
1,55,121
1,55,122
1,55,123
1,55,134
1,55,135
1,55,136
1,55,137
1,55,138
1,55,139
1,55,142
1,55,143
1,55,146
1,55,148
1,55,149
1,55,150
1,55,155
1,55,156
1,55,157
1,55,159
1,55,160
1,55,161
1,55,162
1,55,168
1,55,169
1,55,171
1,55,175
1,55,176
1,55,177
1,55,178
1,55,179
1,55,180
1,55,181
1,55,182
1,55,183
1,55,184
1,56,57
1,56,58
1,56,59
1,56,60
1,56,61
1,56,62
1,56,63
1,56,64
1,56,65
1,56,66
1,56,67
1,56,68
1,56,69
1,56,78
1,56,79
1,56,80
1,56,83
1,56,84
1,56,85
1,56,87
1,56,88
1,56,89
1,56,98
1,56,99
1,56,100
1,56,101
1,56,102
1,56,103
1,56,110
1,56,111
1,56,112
1,56,113
1,56,121
1,56,122
1,56,123
1,56,134
1,56,135
1,56,136
1,56,137
1,56,138
1,56,139
1,56,142
1,56,143
1,56,146
1,56,148
1,56,149
1,56,150
1,56,155
1,56,156
1,56,157
1,56,159
1,56,160
1,56,161
1,56,162
1,56,168
1,56,169
1,56,171
1,56,175
1,56,176
1,56,177
1,56,178
1,56,179
1,56,180
1,56,181
1,56,182
1,56,183
1,56,184
1,57,58
1,57,59
1,57,60
1,57,61
1,57,62
1,57,63
1,57,64
1,57,65
1,57,66
1,57,67
1,57,68
1,57,69
1,57,78
1,57,79
1,57,80
1,57,83
1,57,84
1,57,85
1,57,87
1,57,88
1,57,89
1,57,98
1,57,99
1,57,100
1,57,101
1,57,102
1,57,103
1,57,110
1,57,111
1,57,112
1,57,113
1,57,121
1,57,122
1,57,123
1,57,134
1,57,135
1,57,136
1,57,137
1,57,138
1,57,139
1,57,142
1,57,143
1,57,146
1,57,148
1,57,149
1,57,150
1,57,155
1,57,156
1,57,157
1,57,159
1,57,160
1,57,161
1,57,162
1,57,168
1,57,169
1,57,171
1,57,175
1,57,176
1,57,177
1,57,178
1,57,179
1,57,180
1,57,181
1,57,182
1,57,183
1,57,184
1,58,59
1,58,60
1,58,61
1,58,62
1,58,63
1,58,64
1,58,65
1,58,66
1,58,67
1,58,68
1,58,69
1,58,78
1,58,79
1,58,80
1,58,83
1,58,84
1,58,85
1,58,87
1,58,88
1,58,89
1,58,98
1,58,99
1,58,100
1,58,101
1,58,102
1,58,103
1,58,110
1,58,111
1,58,112
1,58,113
1,58,121
1,58,122
1,58,123
1,58,134
1,58,135
1,58,136
1,58,137
1,58,138
1,58,139
1,58,142
1,58,143
1,58,146
1,58,148
1,58,149
1,58,150
1,58,155
1,58,156
1,58,157
1,58,159
1,58,160
1,58,161
1,58,162
1,58,168
1,58,169
1,58,171
1,58,175
1,58,176
1,58,177
1,58,178
1,58,179
1,58,180
1,58,181
1,58,182
1,58,183
1,58,184
1,59,60
1,59,61
1,59,62
1,59,63
1,59,64
1,59,65
1,59,66
1,59,67
1,59,68
1,59,69
1,59,78
1,59,79
1,59,80
1,59,83
1,59,84
1,59,85
1,59,87
1,59,88
1,59,89
1,59,98
1,59,99
1,59,100
1,59,101
1,59,102
1,59,103
1,59,110
1,59,111
1,59,112
1,59,113
1,59,121
1,59,122
1,59,123
1,59,134
1,59,135
1,59,136
1,59,137
1,59,138
1,59,139
1,59,142
1,59,143
1,59,146
1,59,148
1,59,149
1,59,150
1,59,155
1,59,156
1,59,157
1,59,159
1,59,160
1,59,161
1,59,162
1,59,168
1,59,169
1,59,171
1,59,175
1,59,176
1,59,177
1,59,178
1,59,179
1,59,180
1,59,181
1,59,182
1,59,183
1,59,184
1,60,61
1,60,62
1,60,63
1,60,64
1,60,65
1,60,66
1,60,67
1,60,68
1,60,69
1,60,78
1,60,79
1,60,80
1,60,83
1,60,84
1,60,85
1,60,87
1,60,88
1,60,89
1,60,98
1,60,99
1,60,100
1,60,101
1,60,102
1,60,103
1,60,110
1,60,111
1,60,112
1,60,113
1,60,121
1,60,122
1,60,123
1,60,134
1,60,135
1,60,136
1,60,137
1,60,138
1,60,139
1,60,142
1,60,143
1,60,146
1,60,148
1,60,149
1,60,150
1,60,155
1,60,156
1,60,157
1,60,159
1,60,160
1,60,161
1,60,162
1,60,168
1,60,169
1,60,171
1,60,175
1,60,176
1,60,177
1,60,178
1,60,179
1,60,180
1,60,181
1,60,182
1,60,183
1,60,184
1,61,62
1,61,63
1,61,64
1,61,65
1,61,66
1,61,67
1,61,68
1,61,69
1,61,78
1,61,79
1,61,80
1,61,83
1,61,84
1,61,85
1,61,87
1,61,88
1,61,89
1,61,98
1,61,99
1,61,100
1,61,101
1,61,102
1,61,103
1,61,110
1,61,111
1,61,112
1,61,113
1,61,121
1,61,122
1,61,123
1,61,134
1,61,135
1,61,136
1,61,137
1,61,138
1,61,139
1,61,142
1,61,143
1,61,146
1,61,148
1,61,149
1,61,150
1,61,155
1,61,156
1,61,157
1,61,159
1,61,160
1,61,161
1,61,162
1,61,168
1,61,169
1,61,171
1,61,175
1,61,176
1,61,177
1,61,178
1,61,179
1,61,180
1,61,181
1,61,182
1,61,183
1,61,184
1,62,63
1,62,64
1,62,65
1,62,66
1,62,67
1,62,68
1,62,69
1,62,78
1,62,79
1,62,80
1,62,83
1,62,84
1,62,85
1,62,87
1,62,88
1,62,89
1,62,98
1,62,99
1,62,100
1,62,101
1,62,102
1,62,103
1,62,110
1,62,111
1,62,112
1,62,113
1,62,121
1,62,122
1,62,123
1,62,134
1,62,135
1,62,136
1,62,137
1,62,138
1,62,139
1,62,142
1,62,143
1,62,146
1,62,148
1,62,149
1,62,150
1,62,155
1,62,156
1,62,157
1,62,159
1,62,160
1,62,161
1,62,162
1,62,168
1,62,169
1,62,171
1,62,175
1,62,176
1,62,177
1,62,178
1,62,179
1,62,180
1,62,181
1,62,182
1,62,183
1,62,184
1,63,64
1,63,65
1,63,66
1,63,67
1,63,68
1,63,69
1,63,78
1,63,79
1,63,80
1,63,83
1,63,84
1,63,85
1,63,87
1,63,88
1,63,89
1,63,98
1,63,99
1,63,100
1,63,101
1,63,102
1,63,103
1,63,110
1,63,111
1,63,112
1,63,113
1,63,121
1,63,122
1,63,123
1,63,134
1,63,135
1,63,136
1,63,137
1,63,138
1,63,139
1,63,142
1,63,143
1,63,146
1,63,148
1,63,149
1,63,150
1,63,155
1,63,156
1,63,157
1,63,159
1,63,160
1,63,161
1,63,162
1,63,168
1,63,169
1,63,171
1,63,175
1,63,176
1,63,177
1,63,178
1,63,179
1,63,180
1,63,181
1,63,182
1,63,183
1,63,184
1,64,65
1,64,66
1,64,67
1,64,68
1,64,69
1,64,78
1,64,79
1,64,80
1,64,83
1,64,84
1,64,85
1,64,87
1,64,88
1,64,89
1,64,98
1,64,99
1,64,100
1,64,101
1,64,102
1,64,103
1,64,110
1,64,111
1,64,112
1,64,113
1,64,121
1,64,122
1,64,123
1,64,134
1,64,135
1,64,136
1,64,137
1,64,138
1,64,139
1,64,142
1,64,143
1,64,146
1,64,148
1,64,149
1,64,150
1,64,155
1,64,156
1,64,157
1,64,159
1,64,160
1,64,161
1,64,162
1,64,168
1,64,169
1,64,171
1,64,175
1,64,176
1,64,177
1,64,178
1,64,179
1,64,180
1,64,181
1,64,182
1,64,183
1,64,184
1,65,66
1,65,67
1,65,68
1,65,69
1,65,78
1,65,79
1,65,80
1,65,83
1,65,84
1,65,85
1,65,87
1,65,88
1,65,89
1,65,98
1,65,99
1,65,100
1,65,101
1,65,102
1,65,103
1,65,110
1,65,111
1,65,112
1,65,113
1,65,121
1,65,122
1,65,123
1,65,134
1,65,135
1,65,136
1,65,137
1,65,138
1,65,139
1,65,142
1,65,143
1,65,146
1,65,148
1,65,149
1,65,150
1,65,155
1,65,156
1,65,157
1,65,159
1,65,160
1,65,161
1,65,162
1,65,168
1,65,169
1,65,171
1,65,175
1,65,176
1,65,177
1,65,178
1,65,179
1,65,180
1,65,181
1,65,182
1,65,183
1,65,184
1,66,67
1,66,68
1,66,69
1,66,78
1,66,79
1,66,80
1,66,83
1,66,84
1,66,85
1,66,87
1,66,88
1,66,89
1,66,98
1,66,99
1,66,100
1,66,101
1,66,102
1,66,103
1,66,110
1,66,111
1,66,112
1,66,113
1,66,121
1,66,122
1,66,123
1,66,134
1,66,135
1,66,136
1,66,137
1,66,138
1,66,139
1,66,142
1,66,143
1,66,146
1,66,148
1,66,149
1,66,150
1,66,155
1,66,156
1,66,157
1,66,159
1,66,160
1,66,161
1,66,162
1,66,168
1,66,169
1,66,171
1,66,175
1,66,176
1,66,177
1,66,178
1,66,179
1,66,180
1,66,181
1,66,182
1,66,183
1,66,184
1,67,68
1,67,69
1,67,78
1,67,79
1,67,80
1,67,83
1,67,84
1,67,85
1,67,87
1,67,88
1,67,89
1,67,98
1,67,99
1,67,100
1,67,101
1,67,102
1,67,103
1,67,110
1,67,111
1,67,112
1,67,113
1,67,121
1,67,122
1,67,123
1,67,134
1,67,135
1,67,136
1,67,137
1,67,138
1,67,139
1,67,142
1,67,143
1,67,146
1,67,148
1,67,149
1,67,150
1,67,155
1,67,156
1,67,157
1,67,159
1,67,160
1,67,161
1,67,162
1,67,168
1,67,169
1,67,171
1,67,175
1,67,176
1,67,177
1,67,178
1,67,179
1,67,180
1,67,181
1,67,182
1,67,183
1,67,184
1,68,69
1,68,78
1,68,79
1,68,80
1,68,83
1,68,84
1,68,85
1,68,87
1,68,88
1,68,89
1,68,98
1,68,99
1,68,100
1,68,101
1,68,102
1,68,103
1,68,110
1,68,111
1,68,112
1,68,113
1,68,121
1,68,122
1,68,123
1,68,134
1,68,135
1,68,136
1,68,137
1,68,138
1,68,139
1,68,142
1,68,143
1,68,146
1,68,148
1,68,149
1,68,150
1,68,155
1,68,156
1,68,157
1,68,159
1,68,160
1,68,161
1,68,162
1,68,168
1,68,169
1,68,171
1,68,175
1,68,176
1,68,177
1,68,178
1,68,179
1,68,180
1,68,181
1,68,182
1,68,183
1,68,184
1,69,78
1,69,79
1,69,80
1,69,83
1,69,84
1,69,85
1,69,87
1,69,88
1,69,89
1,69,98
1,69,99
1,69,100
1,69,101
1,69,102
1,69,103
1,69,110
1,69,111
1,69,112
1,69,113
1,69,121
1,69,122
1,69,123
1,69,134
1,69,135
1,69,136
1,69,137
1,69,138
1,69,139
1,69,142
1,69,143
1,69,146
1,69,148
1,69,149
1,69,150
1,69,155
1,69,156
1,69,157
1,69,159
1,69,160
1,69,161
1,69,162
1,69,168
1,69,169
1,69,171
1,69,175
1,69,176
1,69,177
1,69,178
1,69,179
1,69,180
1,69,181
1,69,182
1,69,183
1,69,184
1,70,71
1,70,72
1,70,73
1,70,74
1,70,75
1,70,76
1,70,77
1,70,81
1,70,82
1,70,86
1,70,90
1,70,91
1,70,92
1,70,93
1,70,94
1,70,95
1,70,96
1,70,97
1,70,104
1,70,105
1,70,106
1,70,107
1,70,108
1,70,109
1,70,114
1,70,115
1,70,116
1,70,117
1,70,118
1,70,119
1,70,120
1,70,124
1,70,125
1,70,126
1,70,127
1,70,128
1,70,129
1,70,130
1,70,131
1,70,132
1,70,133
1,70,140
1,70,141
1,70,144
1,70,145
1,70,147
1,70,151
1,70,152
1,70,153
1,70,154
1,70,158
1,70,163
1,70,164
1,70,165
1,70,166
1,70,167
1,70,170
1,70,172
1,70,173
1,70,174
1,71,72
1,71,73
1,71,74
1,71,75
1,71,76
1,71,77
1,71,81
1,71,82
1,71,86
1,71,90
1,71,91
1,71,92
1,71,93
1,71,94
1,71,95
1,71,96
1,71,97
1,71,104
1,71,105
1,71,106
1,71,107
1,71,108
1,71,109
1,71,114
1,71,115
1,71,116
1,71,117
1,71,118
1,71,119
1,71,120
1,71,124
1,71,125
1,71,126
1,71,127
1,71,128
1,71,129
1,71,130
1,71,131
1,71,132
1,71,133
1,71,140
1,71,141
1,71,144
1,71,145
1,71,147
1,71,151
1,71,152
1,71,153
1,71,154
1,71,158
1,71,163
1,71,164
1,71,165
1,71,166
1,71,167
1,71,170
1,71,172
1,71,173
1,71,174
1,72,73
1,72,74
1,72,75
1,72,76
1,72,77
1,72,81
1,72,82
1,72,86
1,72,90
1,72,91
1,72,92
1,72,93
1,72,94
1,72,95
1,72,96
1,72,97
1,72,104
1,72,105
1,72,106
1,72,107
1,72,108
1,72,109
1,72,114
1,72,115
1,72,116
1,72,117
1,72,118
1,72,119
1,72,120
1,72,124
1,72,125
1,72,126
1,72,127
1,72,128
1,72,129
1,72,130
1,72,131
1,72,132
1,72,133
1,72,140
1,72,141
1,72,144
1,72,145
1,72,147
1,72,151
1,72,152
1,72,153
1,72,154
1,72,158
1,72,163
1,72,164
1,72,165
1,72,166
1,72,167
1,72,170
1,72,172
1,72,173
1,72,174
1,73,74
1,73,75
1,73,76
1,73,77
1,73,81
1,73,82
1,73,86
1,73,90
1,73,91
1,73,92
1,73,93
1,73,94
1,73,95
1,73,96
1,73,97
1,73,104
1,73,105
1,73,106
1,73,107
1,73,108
1,73,109
1,73,114
1,73,115
1,73,116
1,73,117
1,73,118
1,73,119
1,73,120
1,73,124
1,73,125
1,73,126
1,73,127
1,73,128
1,73,129
1,73,130
1,73,131
1,73,132
1,73,133
1,73,140
1,73,141
1,73,144
1,73,145
1,73,147
1,73,151
1,73,152
1,73,153
1,73,154
1,73,158
1,73,163
1,73,164
1,73,165
1,73,166
1,73,167
1,73,170
1,73,172
1,73,173
1,73,174
1,74,75
1,74,76
1,74,77
1,74,81
1,74,82
1,74,86
1,74,90
1,74,91
1,74,92
1,74,93
1,74,94
1,74,95
1,74,96
1,74,97
1,74,104
1,74,105
1,74,106
1,74,107
1,74,108
1,74,109
1,74,114
1,74,115
1,74,116
1,74,117
1,74,118
1,74,119
1,74,120
1,74,124
1,74,125
1,74,126
1,74,127
1,74,128
1,74,129
1,74,130
1,74,131
1,74,132
1,74,133
1,74,140
1,74,141
1,74,144
1,74,145
1,74,147
1,74,151
1,74,152
1,74,153
1,74,154
1,74,158
1,74,163
1,74,164
1,74,165
1,74,166
1,74,167
1,74,170
1,74,172
1,74,173
1,74,174
1,75,76
1,75,77
1,75,81
1,75,82
1,75,86
1,75,90
1,75,91
1,75,92
1,75,93
1,75,94
1,75,95
1,75,96
1,75,97
1,75,104
1,75,105
1,75,106
1,75,107
1,75,108
1,75,109
1,75,114
1,75,115
1,75,116
1,75,117
1,75,118
1,75,119
1,75,120
1,75,124
1,75,125
1,75,126
1,75,127
1,75,128
1,75,129
1,75,130
1,75,131
1,75,132
1,75,133
1,75,140
1,75,141
1,75,144
1,75,145
1,75,147
1,75,151
1,75,152
1,75,153
1,75,154
1,75,158
1,75,163
1,75,164
1,75,165
1,75,166
1,75,167
1,75,170
1,75,172
1,75,173
1,75,174
1,76,77
1,76,81
1,76,82
1,76,86
1,76,90
1,76,91
1,76,92
1,76,93
1,76,94
1,76,95
1,76,96
1,76,97
1,76,104
1,76,105
1,76,106
1,76,107
1,76,108
1,76,109
1,76,114
1,76,115
1,76,116
1,76,117
1,76,118
1,76,119
1,76,120
1,76,124
1,76,125
1,76,126
1,76,127
1,76,128
1,76,129
1,76,130
1,76,131
1,76,132
1,76,133
1,76,140
1,76,141
1,76,144
1,76,145
1,76,147
1,76,151
1,76,152
1,76,153
1,76,154
1,76,158
1,76,163
1,76,164
1,76,165
1,76,166
1,76,167
1,76,170
1,76,172
1,76,173
1,76,174
1,77,81
1,77,82
1,77,86
1,77,90
1,77,91
1,77,92
1,77,93
1,77,94
1,77,95
1,77,96
1,77,97
1,77,104
1,77,105
1,77,106
1,77,107
1,77,108
1,77,109
1,77,114
1,77,115
1,77,116
1,77,117
1,77,118
1,77,119
1,77,120
1,77,124
1,77,125
1,77,126
1,77,127
1,77,128
1,77,129
1,77,130
1,77,131
1,77,132
1,77,133
1,77,140
1,77,141
1,77,144
1,77,145
1,77,147
1,77,151
1,77,152
1,77,153
1,77,154
1,77,158
1,77,163
1,77,164
1,77,165
1,77,166
1,77,167
1,77,170
1,77,172
1,77,173
1,77,174
1,78,79
1,78,80
1,78,83
1,78,84
1,78,85
1,78,87
1,78,88
1,78,89
1,78,98
1,78,99
1,78,100
1,78,101
1,78,102
1,78,103
1,78,110
1,78,111
1,78,112
1,78,113
1,78,121
1,78,122
1,78,123
1,78,134
1,78,135
1,78,136
1,78,137
1,78,138
1,78,139
1,78,142
1,78,143
1,78,146
1,78,148
1,78,149
1,78,150
1,78,155
1,78,156
1,78,157
1,78,159
1,78,160
1,78,161
1,78,162
1,78,168
1,78,169
1,78,171
1,78,175
1,78,176
1,78,177
1,78,178
1,78,179
1,78,180
1,78,181
1,78,182
1,78,183
1,78,184
1,79,80
1,79,83
1,79,84
1,79,85
1,79,87
1,79,88
1,79,89
1,79,98
1,79,99
1,79,100
1,79,101
1,79,102
1,79,103
1,79,110
1,79,111
1,79,112
1,79,113
1,79,121
1,79,122
1,79,123
1,79,134
1,79,135
1,79,136
1,79,137
1,79,138
1,79,139
1,79,142
1,79,143
1,79,146
1,79,148
1,79,149
1,79,150
1,79,155
1,79,156
1,79,157
1,79,159
1,79,160
1,79,161
1,79,162
1,79,168
1,79,169
1,79,171
1,79,175
1,79,176
1,79,177
1,79,178
1,79,179
1,79,180
1,79,181
1,79,182
1,79,183
1,79,184
1,80,83
1,80,84
1,80,85
1,80,87
1,80,88
1,80,89
1,80,98
1,80,99
1,80,100
1,80,101
1,80,102
1,80,103
1,80,110
1,80,111
1,80,112
1,80,113
1,80,121
1,80,122
1,80,123
1,80,134
1,80,135
1,80,136
1,80,137
1,80,138
1,80,139
1,80,142
1,80,143
1,80,146
1,80,148
1,80,149
1,80,150
1,80,155
1,80,156
1,80,157
1,80,159
1,80,160
1,80,161
1,80,162
1,80,168
1,80,169
1,80,171
1,80,175
1,80,176
1,80,177
1,80,178
1,80,179
1,80,180
1,80,181
1,80,182
1,80,183
1,80,184
1,81,82
1,81,86
1,81,90
1,81,91
1,81,92
1,81,93
1,81,94
1,81,95
1,81,96
1,81,97
1,81,104
1,81,105
1,81,106
1,81,107
1,81,108
1,81,109
1,81,114
1,81,115
1,81,116
1,81,117
1,81,118
1,81,119
1,81,120
1,81,124
1,81,125
1,81,126
1,81,127
1,81,128
1,81,129
1,81,130
1,81,131
1,81,132
1,81,133
1,81,140
1,81,141
1,81,144
1,81,145
1,81,147
1,81,151
1,81,152
1,81,153
1,81,154
1,81,158
1,81,163
1,81,164
1,81,165
1,81,166
1,81,167
1,81,170
1,81,172
1,81,173
1,81,174
1,82,86
1,82,90
1,82,91
1,82,92
1,82,93
1,82,94
1,82,95
1,82,96
1,82,97
1,82,104
1,82,105
1,82,106
1,82,107
1,82,108
1,82,109
1,82,114
1,82,115
1,82,116
1,82,117
1,82,118
1,82,119
1,82,120
1,82,124
1,82,125
1,82,126
1,82,127
1,82,128
1,82,129
1,82,130
1,82,131
1,82,132
1,82,133
1,82,140
1,82,141
1,82,144
1,82,145
1,82,147
1,82,151
1,82,152
1,82,153
1,82,154
1,82,158
1,82,163
1,82,164
1,82,165
1,82,166
1,82,167
1,82,170
1,82,172
1,82,173
1,82,174
1,83,84
1,83,85
1,83,87
1,83,88
1,83,89
1,83,98
1,83,99
1,83,100
1,83,101
1,83,102
1,83,103
1,83,110
1,83,111
1,83,112
1,83,113
1,83,121
1,83,122
1,83,123
1,83,134
1,83,135
1,83,136
1,83,137
1,83,138
1,83,139
1,83,142
1,83,143
1,83,146
1,83,148
1,83,149
1,83,150
1,83,155
1,83,156
1,83,157
1,83,159
1,83,160
1,83,161
1,83,162
1,83,168
1,83,169
1,83,171
1,83,175
1,83,176
1,83,177
1,83,178
1,83,179
1,83,180
1,83,181
1,83,182
1,83,183
1,83,184
1,84,85
1,84,87
1,84,88
1,84,89
1,84,98
1,84,99
1,84,100
1,84,101
1,84,102
1,84,103
1,84,110
1,84,111
1,84,112
1,84,113
1,84,121
1,84,122
1,84,123
1,84,134
1,84,135
1,84,136
1,84,137
1,84,138
1,84,139
1,84,142
1,84,143
1,84,146
1,84,148
1,84,149
1,84,150
1,84,155
1,84,156
1,84,157
1,84,159
1,84,160
1,84,161
1,84,162
1,84,168
1,84,169
1,84,171
1,84,175
1,84,176
1,84,177
1,84,178
1,84,179
1,84,180
1,84,181
1,84,182
1,84,183
1,84,184
1,85,87
1,85,88
1,85,89
1,85,98
1,85,99
1,85,100
1,85,101
1,85,102
1,85,103
1,85,110
1,85,111
1,85,112
1,85,113
1,85,121
1,85,122
1,85,123
1,85,134
1,85,135
1,85,136
1,85,137
1,85,138
1,85,139
1,85,142
1,85,143
1,85,146
1,85,148
1,85,149
1,85,150
1,85,155
1,85,156
1,85,157
1,85,159
1,85,160
1,85,161
1,85,162
1,85,168
1,85,169
1,85,171
1,85,175
1,85,176
1,85,177
1,85,178
1,85,179
1,85,180
1,85,181
1,85,182
1,85,183
1,85,184
1,86,90
1,86,91
1,86,92
1,86,93
1,86,94
1,86,95
1,86,96
1,86,97
1,86,104
1,86,105
1,86,106
1,86,107
1,86,108
1,86,109
1,86,114
1,86,115
1,86,116
1,86,117
1,86,118
1,86,119
1,86,120
1,86,124
1,86,125
1,86,126
1,86,127
1,86,128
1,86,129
1,86,130
1,86,131
1,86,132
1,86,133
1,86,140
1,86,141
1,86,144
1,86,145
1,86,147
1,86,151
1,86,152
1,86,153
1,86,154
1,86,158
1,86,163
1,86,164
1,86,165
1,86,166
1,86,167
1,86,170
1,86,172
1,86,173
1,86,174
1,87,88
1,87,89
1,87,98
1,87,99
1,87,100
1,87,101
1,87,102
1,87,103
1,87,110
1,87,111
1,87,112
1,87,113
1,87,121
1,87,122
1,87,123
1,87,134
1,87,135
1,87,136
1,87,137
1,87,138
1,87,139
1,87,142
1,87,143
1,87,146
1,87,148
1,87,149
1,87,150
1,87,155
1,87,156
1,87,157
1,87,159
1,87,160
1,87,161
1,87,162
1,87,168
1,87,169
1,87,171
1,87,175
1,87,176
1,87,177
1,87,178
1,87,179
1,87,180
1,87,181
1,87,182
1,87,183
1,87,184
1,88,89
1,88,98
1,88,99
1,88,100
1,88,101
1,88,102
1,88,103
1,88,110
1,88,111
1,88,112
1,88,113
1,88,121
1,88,122
1,88,123
1,88,134
1,88,135
1,88,136
1,88,137
1,88,138
1,88,139
1,88,142
1,88,143
1,88,146
1,88,148
1,88,149
1,88,150
1,88,155
1,88,156
1,88,157
1,88,159
1,88,160
1,88,161
1,88,162
1,88,168
1,88,169
1,88,171
1,88,175
1,88,176
1,88,177
1,88,178
1,88,179
1,88,180
1,88,181
1,88,182
1,88,183
1,88,184
1,89,98
1,89,99
1,89,100
1,89,101
1,89,102
1,89,103
1,89,110
1,89,111
1,89,112
1,89,113
1,89,121
1,89,122
1,89,123
1,89,134
1,89,135
1,89,136
1,89,137
1,89,138
1,89,139
1,89,142
1,89,143
1,89,146
1,89,148
1,89,149
1,89,150
1,89,155
1,89,156
1,89,157
1,89,159
1,89,160
1,89,161
1,89,162
1,89,168
1,89,169
1,89,171
1,89,175
1,89,176
1,89,177
1,89,178
1,89,179
1,89,180
1,89,181
1,89,182
1,89,183
1,89,184
1,90,91
1,90,92
1,90,93
1,90,94
1,90,95
1,90,96
1,90,97
1,90,104
1,90,105
1,90,106
1,90,107
1,90,108
1,90,109
1,90,114
1,90,115
1,90,116
1,90,117
1,90,118
1,90,119
1,90,120
1,90,124
1,90,125
1,90,126
1,90,127
1,90,128
1,90,129
1,90,130
1,90,131
1,90,132
1,90,133
1,90,140
1,90,141
1,90,144
1,90,145
1,90,147
1,90,151
1,90,152
1,90,153
1,90,154
1,90,158
1,90,163
1,90,164
1,90,165
1,90,166
1,90,167
1,90,170
1,90,172
1,90,173
1,90,174
1,91,92
1,91,93
1,91,94
1,91,95
1,91,96
1,91,97
1,91,104
1,91,105
1,91,106
1,91,107
1,91,108
1,91,109
1,91,114
1,91,115
1,91,116
1,91,117
1,91,118
1,91,119
1,91,120
1,91,124
1,91,125
1,91,126
1,91,127
1,91,128
1,91,129
1,91,130
1,91,131
1,91,132
1,91,133
1,91,140
1,91,141
1,91,144
1,91,145
1,91,147
1,91,151
1,91,152
1,91,153
1,91,154
1,91,158
1,91,163
1,91,164
1,91,165
1,91,166
1,91,167
1,91,170
1,91,172
1,91,173
1,91,174
1,92,93
1,92,94
1,92,95
1,92,96
1,92,97
1,92,104
1,92,105
1,92,106
1,92,107
1,92,108
1,92,109
1,92,114
1,92,115
1,92,116
1,92,117
1,92,118
1,92,119
1,92,120
1,92,124
1,92,125
1,92,126
1,92,127
1,92,128
1,92,129
1,92,130
1,92,131
1,92,132
1,92,133
1,92,140
1,92,141
1,92,144
1,92,145
1,92,147
1,92,151
1,92,152
1,92,153
1,92,154
1,92,158
1,92,163
1,92,164
1,92,165
1,92,166
1,92,167
1,92,170
1,92,172
1,92,173
1,92,174
1,93,94
1,93,95
1,93,96
1,93,97
1,93,104
1,93,105
1,93,106
1,93,107
1,93,108
1,93,109
1,93,114
1,93,115
1,93,116
1,93,117
1,93,118
1,93,119
1,93,120
1,93,124
1,93,125
1,93,126
1,93,127
1,93,128
1,93,129
1,93,130
1,93,131
1,93,132
1,93,133
1,93,140
1,93,141
1,93,144
1,93,145
1,93,147
1,93,151
1,93,152
1,93,153
1,93,154
1,93,158
1,93,163
1,93,164
1,93,165
1,93,166
1,93,167
1,93,170
1,93,172
1,93,173
1,93,174
1,94,95
1,94,96
1,94,97
1,94,104
1,94,105
1,94,106
1,94,107
1,94,108
1,94,109
1,94,114
1,94,115
1,94,116
1,94,117
1,94,118
1,94,119
1,94,120
1,94,124
1,94,125
1,94,126
1,94,127
1,94,128
1,94,129
1,94,130
1,94,131
1,94,132
1,94,133
1,94,140
1,94,141
1,94,144
1,94,145
1,94,147
1,94,151
1,94,152
1,94,153
1,94,154
1,94,158
1,94,163
1,94,164
1,94,165
1,94,166
1,94,167
1,94,170
1,94,172
1,94,173
1,94,174
1,95,96
1,95,97
1,95,104
1,95,105
1,95,106
1,95,107
1,95,108
1,95,109
1,95,114
1,95,115
1,95,116
1,95,117
1,95,118
1,95,119
1,95,120
1,95,124
1,95,125
1,95,126
1,95,127
1,95,128
1,95,129
1,95,130
1,95,131
1,95,132
1,95,133
1,95,140
1,95,141
1,95,144
1,95,145
1,95,147
1,95,151
1,95,152
1,95,153
1,95,154
1,95,158
1,95,163
1,95,164
1,95,165
1,95,166
1,95,167
1,95,170
1,95,172
1,95,173
1,95,174
1,96,97
1,96,104
1,96,105
1,96,106
1,96,107
1,96,108
1,96,109
1,96,114
1,96,115
1,96,116
1,96,117
1,96,118
1,96,119
1,96,120
1,96,124
1,96,125
1,96,126
1,96,127
1,96,128
1,96,129
1,96,130
1,96,131
1,96,132
1,96,133
1,96,140
1,96,141
1,96,144
1,96,145
1,96,147
1,96,151
1,96,152
1,96,153
1,96,154
1,96,158
1,96,163
1,96,164
1,96,165
1,96,166
1,96,167
1,96,170
1,96,172
1,96,173
1,96,174
1,97,104
1,97,105
1,97,106
1,97,107
1,97,108
1,97,109
1,97,114
1,97,115
1,97,116
1,97,117
1,97,118
1,97,119
1,97,120
1,97,124
1,97,125
1,97,126
1,97,127
1,97,128
1,97,129
1,97,130
1,97,131
1,97,132
1,97,133
1,97,140
1,97,141
1,97,144
1,97,145
1,97,147
1,97,151
1,97,152
1,97,153
1,97,154
1,97,158
1,97,163
1,97,164
1,97,165
1,97,166
1,97,167
1,97,170
1,97,172
1,97,173
1,97,174
1,98,99
1,98,100
1,98,101
1,98,102
1,98,103
1,98,110
1,98,111
1,98,112
1,98,113
1,98,121
1,98,122
1,98,123
1,98,134
1,98,135
1,98,136
1,98,137
1,98,138
1,98,139
1,98,142
1,98,143
1,98,146
1,98,148
1,98,149
1,98,150
1,98,155
1,98,156
1,98,157
1,98,159
1,98,160
1,98,161
1,98,162
1,98,168
1,98,169
1,98,171
1,98,175
1,98,176
1,98,177
1,98,178
1,98,179
1,98,180
1,98,181
1,98,182
1,98,183
1,98,184
1,99,100
1,99,101
1,99,102
1,99,103
1,99,110
1,99,111
1,99,112
1,99,113
1,99,121
1,99,122
1,99,123
1,99,134
1,99,135
1,99,136
1,99,137
1,99,138
1,99,139
1,99,142
1,99,143
1,99,146
1,99,148
1,99,149
1,99,150
1,99,155
1,99,156
1,99,157
1,99,159
1,99,160
1,99,161
1,99,162
1,99,168
1,99,169
1,99,171
1,99,175
1,99,176
1,99,177
1,99,178
1,99,179
1,99,180
1,99,181
1,99,182
1,99,183
1,99,184
1,100,101
1,100,102
1,100,103
1,100,110
1,100,111
1,100,112
1,100,113
1,100,121
1,100,122
1,100,123
1,100,134
1,100,135
1,100,136
1,100,137
1,100,138
1,100,139
1,100,142
1,100,143
1,100,146
1,100,148
1,100,149
1,100,150
1,100,155
1,100,156
1,100,157
1,100,159
1,100,160
1,100,161
1,100,162
1,100,168
1,100,169
1,100,171
1,100,175
1,100,176
1,100,177
1,100,178
1,100,179
1,100,180
1,100,181
1,100,182
1,100,183
1,100,184
1,101,102
1,101,103
1,101,110
1,101,111
1,101,112
1,101,113
1,101,121
1,101,122
1,101,123
1,101,134
1,101,135
1,101,136
1,101,137
1,101,138
1,101,139
1,101,142
1,101,143
1,101,146
1,101,148
1,101,149
1,101,150
1,101,155
1,101,156
1,101,157
1,101,159
1,101,160
1,101,161
1,101,162
1,101,168
1,101,169
1,101,171
1,101,175
1,101,176
1,101,177
1,101,178
1,101,179
1,101,180
1,101,181
1,101,182
1,101,183
1,101,184
1,102,103
1,102,110
1,102,111
1,102,112
1,102,113
1,102,121
1,102,122
1,102,123
1,102,134
1,102,135
1,102,136
1,102,137
1,102,138
1,102,139
1,102,142
1,102,143
1,102,146
1,102,148
1,102,149
1,102,150
1,102,155
1,102,156
1,102,157
1,102,159
1,102,160
1,102,161
1,102,162
1,102,168
1,102,169
1,102,171
1,102,175
1,102,176
1,102,177
1,102,178
1,102,179
1,102,180
1,102,181
1,102,182
1,102,183
1,102,184
1,103,110
1,103,111
1,103,112
1,103,113
1,103,121
1,103,122
1,103,123
1,103,134
1,103,135
1,103,136
1,103,137
1,103,138
1,103,139
1,103,142
1,103,143
1,103,146
1,103,148
1,103,149
1,103,150
1,103,155
1,103,156
1,103,157
1,103,159
1,103,160
1,103,161
1,103,162
1,103,168
1,103,169
1,103,171
1,103,175
1,103,176
1,103,177
1,103,178
1,103,179
1,103,180
1,103,181
1,103,182
1,103,183
1,103,184
1,104,105
1,104,106
1,104,107
1,104,108
1,104,109
1,104,114
1,104,115
1,104,116
1,104,117
1,104,118
1,104,119
1,104,120
1,104,124
1,104,125
1,104,126
1,104,127
1,104,128
1,104,129
1,104,130
1,104,131
1,104,132
1,104,133
1,104,140
1,104,141
1,104,144
1,104,145
1,104,147
1,104,151
1,104,152
1,104,153
1,104,154
1,104,158
1,104,163
1,104,164
1,104,165
1,104,166
1,104,167
1,104,170
1,104,172
1,104,173
1,104,174
1,105,106
1,105,107
1,105,108
1,105,109
1,105,114
1,105,115
1,105,116
1,105,117
1,105,118
1,105,119
1,105,120
1,105,124
1,105,125
1,105,126
1,105,127
1,105,128
1,105,129
1,105,130
1,105,131
1,105,132
1,105,133
1,105,140
1,105,141
1,105,144
1,105,145
1,105,147
1,105,151
1,105,152
1,105,153
1,105,154
1,105,158
1,105,163
1,105,164
1,105,165
1,105,166
1,105,167
1,105,170
1,105,172
1,105,173
1,105,174
1,106,107
1,106,108
1,106,109
1,106,114
1,106,115
1,106,116
1,106,117
1,106,118
1,106,119
1,106,120
1,106,124
1,106,125
1,106,126
1,106,127
1,106,128
1,106,129
1,106,130
1,106,131
1,106,132
1,106,133
1,106,140
1,106,141
1,106,144
1,106,145
1,106,147
1,106,151
1,106,152
1,106,153
1,106,154
1,106,158
1,106,163
1,106,164
1,106,165
1,106,166
1,106,167
1,106,170
1,106,172
1,106,173
1,106,174
1,107,108
1,107,109
1,107,114
1,107,115
1,107,116
1,107,117
1,107,118
1,107,119
1,107,120
1,107,124
1,107,125
1,107,126
1,107,127
1,107,128
1,107,129
1,107,130
1,107,131
1,107,132
1,107,133
1,107,140
1,107,141
1,107,144
1,107,145
1,107,147
1,107,151
1,107,152
1,107,153
1,107,154
1,107,158
1,107,163
1,107,164
1,107,165
1,107,166
1,107,167
1,107,170
1,107,172
1,107,173
1,107,174
1,108,109
1,108,114
1,108,115
1,108,116
1,108,117
1,108,118
1,108,119
1,108,120
1,108,124
1,108,125
1,108,126
1,108,127
1,108,128
1,108,129
1,108,130
1,108,131
1,108,132
1,108,133
1,108,140
1,108,141
1,108,144
1,108,145
1,108,147
1,108,151
1,108,152
1,108,153
1,108,154
1,108,158
1,108,163
1,108,164
1,108,165
1,108,166
1,108,167
1,108,170
1,108,172
1,108,173
1,108,174
1,109,114
1,109,115
1,109,116
1,109,117
1,109,118
1,109,119
1,109,120
1,109,124
1,109,125
1,109,126
1,109,127
1,109,128
1,109,129
1,109,130
1,109,131
1,109,132
1,109,133
1,109,140
1,109,141
1,109,144
1,109,145
1,109,147
1,109,151
1,109,152
1,109,153
1,109,154
1,109,158
1,109,163
1,109,164
1,109,165
1,109,166
1,109,167
1,109,170
1,109,172
1,109,173
1,109,174
1,110,111
1,110,112
1,110,113
1,110,121
1,110,122
1,110,123
1,110,134
1,110,135
1,110,136
1,110,137
1,110,138
1,110,139
1,110,142
1,110,143
1,110,146
1,110,148
1,110,149
1,110,150
1,110,155
1,110,156
1,110,157
1,110,159
1,110,160
1,110,161
1,110,162
1,110,168
1,110,169
1,110,171
1,110,175
1,110,176
1,110,177
1,110,178
1,110,179
1,110,180
1,110,181
1,110,182
1,110,183
1,110,184
1,111,112
1,111,113
1,111,121
1,111,122
1,111,123
1,111,134
1,111,135
1,111,136
1,111,137
1,111,138
1,111,139
1,111,142
1,111,143
1,111,146
1,111,148
1,111,149
1,111,150
1,111,155
1,111,156
1,111,157
1,111,159
1,111,160
1,111,161
1,111,162
1,111,168
1,111,169
1,111,171
1,111,175
1,111,176
1,111,177
1,111,178
1,111,179
1,111,180
1,111,181
1,111,182
1,111,183
1,111,184
1,112,113
1,112,121
1,112,122
1,112,123
1,112,134
1,112,135
1,112,136
1,112,137
1,112,138
1,112,139
1,112,142
1,112,143
1,112,146
1,112,148
1,112,149
1,112,150
1,112,155
1,112,156
1,112,157
1,112,159
1,112,160
1,112,161
1,112,162
1,112,168
1,112,169
1,112,171
1,112,175
1,112,176
1,112,177
1,112,178
1,112,179
1,112,180
1,112,181
1,112,182
1,112,183
1,112,184
1,113,121
1,113,122
1,113,123
1,113,134
1,113,135
1,113,136
1,113,137
1,113,138
1,113,139
1,113,142
1,113,143
1,113,146
1,113,148
1,113,149
1,113,150
1,113,155
1,113,156
1,113,157
1,113,159
1,113,160
1,113,161
1,113,162
1,113,168
1,113,169
1,113,171
1,113,175
1,113,176
1,113,177
1,113,178
1,113,179
1,113,180
1,113,181
1,113,182
1,113,183
1,113,184
1,114,115
1,114,116
1,114,117
1,114,118
1,114,119
1,114,120
1,114,124
1,114,125
1,114,126
1,114,127
1,114,128
1,114,129
1,114,130
1,114,131
1,114,132
1,114,133
1,114,140
1,114,141
1,114,144
1,114,145
1,114,147
1,114,151
1,114,152
1,114,153
1,114,154
1,114,158
1,114,163
1,114,164
1,114,165
1,114,166
1,114,167
1,114,170
1,114,172
1,114,173
1,114,174
1,115,116
1,115,117
1,115,118
1,115,119
1,115,120
1,115,124
1,115,125
1,115,126
1,115,127
1,115,128
1,115,129
1,115,130
1,115,131
1,115,132
1,115,133
1,115,140
1,115,141
1,115,144
1,115,145
1,115,147
1,115,151
1,115,152
1,115,153
1,115,154
1,115,158
1,115,163
1,115,164
1,115,165
1,115,166
1,115,167
1,115,170
1,115,172
1,115,173
1,115,174
1,116,117
1,116,118
1,116,119
1,116,120
1,116,124
1,116,125
1,116,126
1,116,127
1,116,128
1,116,129
1,116,130
1,116,131
1,116,132
1,116,133
1,116,140
1,116,141
1,116,144
1,116,145
1,116,147
1,116,151
1,116,152
1,116,153
1,116,154
1,116,158
1,116,163
1,116,164
1,116,165
1,116,166
1,116,167
1,116,170
1,116,172
1,116,173
1,116,174
1,117,118
1,117,119
1,117,120
1,117,124
1,117,125
1,117,126
1,117,127
1,117,128
1,117,129
1,117,130
1,117,131
1,117,132
1,117,133
1,117,140
1,117,141
1,117,144
1,117,145
1,117,147
1,117,151
1,117,152
1,117,153
1,117,154
1,117,158
1,117,163
1,117,164
1,117,165
1,117,166
1,117,167
1,117,170
1,117,172
1,117,173
1,117,174
1,118,119
1,118,120
1,118,124
1,118,125
1,118,126
1,118,127
1,118,128
1,118,129
1,118,130
1,118,131
1,118,132
1,118,133
1,118,140
1,118,141
1,118,144
1,118,145
1,118,147
1,118,151
1,118,152
1,118,153
1,118,154
1,118,158
1,118,163
1,118,164
1,118,165
1,118,166
1,118,167
1,118,170
1,118,172
1,118,173
1,118,174
1,119,120
1,119,124
1,119,125
1,119,126
1,119,127
1,119,128
1,119,129
1,119,130
1,119,131
1,119,132
1,119,133
1,119,140
1,119,141
1,119,144
1,119,145
1,119,147
1,119,151
1,119,152
1,119,153
1,119,154
1,119,158
1,119,163
1,119,164
1,119,165
1,119,166
1,119,167
1,119,170
1,119,172
1,119,173
1,119,174
1,120,124
1,120,125
1,120,126
1,120,127
1,120,128
1,120,129
1,120,130
1,120,131
1,120,132
1,120,133
1,120,140
1,120,141
1,120,144
1,120,145
1,120,147
1,120,151
1,120,152
1,120,153
1,120,154
1,120,158
1,120,163
1,120,164
1,120,165
1,120,166
1,120,167
1,120,170
1,120,172
1,120,173
1,120,174
1,121,122
1,121,123
1,121,134
1,121,135
1,121,136
1,121,137
1,121,138
1,121,139
1,121,142
1,121,143
1,121,146
1,121,148
1,121,149
1,121,150
1,121,155
1,121,156
1,121,157
1,121,159
1,121,160
1,121,161
1,121,162
1,121,168
1,121,169
1,121,171
1,121,175
1,121,176
1,121,177
1,121,178
1,121,179
1,121,180
1,121,181
1,121,182
1,121,183
1,121,184
1,122,123
1,122,134
1,122,135
1,122,136
1,122,137
1,122,138
1,122,139
1,122,142
1,122,143
1,122,146
1,122,148
1,122,149
1,122,150
1,122,155
1,122,156
1,122,157
1,122,159
1,122,160
1,122,161
1,122,162
1,122,168
1,122,169
1,122,171
1,122,175
1,122,176
1,122,177
1,122,178
1,122,179
1,122,180
1,122,181
1,122,182
1,122,183
1,122,184
1,123,134
1,123,135
1,123,136
1,123,137
1,123,138
1,123,139
1,123,142
1,123,143
1,123,146
1,123,148
1,123,149
1,123,150
1,123,155
1,123,156
1,123,157
1,123,159
1,123,160
1,123,161
1,123,162
1,123,168
1,123,169
1,123,171
1,123,175
1,123,176
1,123,177
1,123,178
1,123,179
1,123,180
1,123,181
1,123,182
1,123,183
1,123,184
1,124,125
1,124,126
1,124,127
1,124,128
1,124,129
1,124,130
1,124,131
1,124,132
1,124,133
1,124,140
1,124,141
1,124,144
1,124,145
1,124,147
1,124,151
1,124,152
1,124,153
1,124,154
1,124,158
1,124,163
1,124,164
1,124,165
1,124,166
1,124,167
1,124,170
1,124,172
1,124,173
1,124,174
1,125,126
1,125,127
1,125,128
1,125,129
1,125,130
1,125,131
1,125,132
1,125,133
1,125,140
1,125,141
1,125,144
1,125,145
1,125,147
1,125,151
1,125,152
1,125,153
1,125,154
1,125,158
1,125,163
1,125,164
1,125,165
1,125,166
1,125,167
1,125,170
1,125,172
1,125,173
1,125,174
1,126,127
1,126,128
1,126,129
1,126,130
1,126,131
1,126,132
1,126,133
1,126,140
1,126,141
1,126,144
1,126,145
1,126,147
1,126,151
1,126,152
1,126,153
1,126,154
1,126,158
1,126,163
1,126,164
1,126,165
1,126,166
1,126,167
1,126,170
1,126,172
1,126,173
1,126,174
1,127,128
1,127,129
1,127,130
1,127,131
1,127,132
1,127,133
1,127,140
1,127,141
1,127,144
1,127,145
1,127,147
1,127,151
1,127,152
1,127,153
1,127,154
1,127,158
1,127,163
1,127,164
1,127,165
1,127,166
1,127,167
1,127,170
1,127,172
1,127,173
1,127,174
1,128,129
1,128,130
1,128,131
1,128,132
1,128,133
1,128,140
1,128,141
1,128,144
1,128,145
1,128,147
1,128,151
1,128,152
1,128,153
1,128,154
1,128,158
1,128,163
1,128,164
1,128,165
1,128,166
1,128,167
1,128,170
1,128,172
1,128,173
1,128,174
1,129,130
1,129,131
1,129,132
1,129,133
1,129,140
1,129,141
1,129,144
1,129,145
1,129,147
1,129,151
1,129,152
1,129,153
1,129,154
1,129,158
1,129,163
1,129,164
1,129,165
1,129,166
1,129,167
1,129,170
1,129,172
1,129,173
1,129,174
1,130,131
1,130,132
1,130,133
1,130,140
1,130,141
1,130,144
1,130,145
1,130,147
1,130,151
1,130,152
1,130,153
1,130,154
1,130,158
1,130,163
1,130,164
1,130,165
1,130,166
1,130,167
1,130,170
1,130,172
1,130,173
1,130,174
1,131,132
1,131,133
1,131,140
1,131,141
1,131,144
1,131,145
1,131,147
1,131,151
1,131,152
1,131,153
1,131,154
1,131,158
1,131,163
1,131,164
1,131,165
1,131,166
1,131,167
1,131,170
1,131,172
1,131,173
1,131,174
1,132,133
1,132,140
1,132,141
1,132,144
1,132,145
1,132,147
1,132,151
1,132,152
1,132,153
1,132,154
1,132,158
1,132,163
1,132,164
1,132,165
1,132,166
1,132,167
1,132,170
1,132,172
1,132,173
1,132,174
1,133,140
1,133,141
1,133,144
1,133,145
1,133,147
1,133,151
1,133,152
1,133,153
1,133,154
1,133,158
1,133,163
1,133,164
1,133,165
1,133,166
1,133,167
1,133,170
1,133,172
1,133,173
1,133,174
1,134,135
1,134,136
1,134,137
1,134,138
1,134,139
1,134,142
1,134,143
1,134,146
1,134,148
1,134,149
1,134,150
1,134,155
1,134,156
1,134,157
1,134,159
1,134,160
1,134,161
1,134,162
1,134,168
1,134,169
1,134,171
1,134,175
1,134,176
1,134,177
1,134,178
1,134,179
1,134,180
1,134,181
1,134,182
1,134,183
1,134,184
1,135,136
1,135,137
1,135,138
1,135,139
1,135,142
1,135,143
1,135,146
1,135,148
1,135,149
1,135,150
1,135,155
1,135,156
1,135,157
1,135,159
1,135,160
1,135,161
1,135,162
1,135,168
1,135,169
1,135,171
1,135,175
1,135,176
1,135,177
1,135,178
1,135,179
1,135,180
1,135,181
1,135,182
1,135,183
1,135,184
1,136,137
1,136,138
1,136,139
1,136,142
1,136,143
1,136,146
1,136,148
1,136,149
1,136,150
1,136,155
1,136,156
1,136,157
1,136,159
1,136,160
1,136,161
1,136,162
1,136,168
1,136,169
1,136,171
1,136,175
1,136,176
1,136,177
1,136,178
1,136,179
1,136,180
1,136,181
1,136,182
1,136,183
1,136,184
1,137,138
1,137,139
1,137,142
1,137,143
1,137,146
1,137,148
1,137,149
1,137,150
1,137,155
1,137,156
1,137,157
1,137,159
1,137,160
1,137,161
1,137,162
1,137,168
1,137,169
1,137,171
1,137,175
1,137,176
1,137,177
1,137,178
1,137,179
1,137,180
1,137,181
1,137,182
1,137,183
1,137,184
1,138,139
1,138,142
1,138,143
1,138,146
1,138,148
1,138,149
1,138,150
1,138,155
1,138,156
1,138,157
1,138,159
1,138,160
1,138,161
1,138,162
1,138,168
1,138,169
1,138,171
1,138,175
1,138,176
1,138,177
1,138,178
1,138,179
1,138,180
1,138,181
1,138,182
1,138,183
1,138,184
1,139,142
1,139,143
1,139,146
1,139,148
1,139,149
1,139,150
1,139,155
1,139,156
1,139,157
1,139,159
1,139,160
1,139,161
1,139,162
1,139,168
1,139,169
1,139,171
1,139,175
1,139,176
1,139,177
1,139,178
1,139,179
1,139,180
1,139,181
1,139,182
1,139,183
1,139,184
1,140,141
1,140,144
1,140,145
1,140,147
1,140,151
1,140,152
1,140,153
1,140,154
1,140,158
1,140,163
1,140,164
1,140,165
1,140,166
1,140,167
1,140,170
1,140,172
1,140,173
1,140,174
1,141,144
1,141,145
1,141,147
1,141,151
1,141,152
1,141,153
1,141,154
1,141,158
1,141,163
1,141,164
1,141,165
1,141,166
1,141,167
1,141,170
1,141,172
1,141,173
1,141,174
1,142,143
1,142,146
1,142,148
1,142,149
1,142,150
1,142,155
1,142,156
1,142,157
1,142,159
1,142,160
1,142,161
1,142,162
1,142,168
1,142,169
1,142,171
1,142,175
1,142,176
1,142,177
1,142,178
1,142,179
1,142,180
1,142,181
1,142,182
1,142,183
1,142,184
1,143,146
1,143,148
1,143,149
1,143,150
1,143,155
1,143,156
1,143,157
1,143,159
1,143,160
1,143,161
1,143,162
1,143,168
1,143,169
1,143,171
1,143,175
1,143,176
1,143,177
1,143,178
1,143,179
1,143,180
1,143,181
1,143,182
1,143,183
1,143,184
1,144,145
1,144,147
1,144,151
1,144,152
1,144,153
1,144,154
1,144,158
1,144,163
1,144,164
1,144,165
1,144,166
1,144,167
1,144,170
1,144,172
1,144,173
1,144,174
1,145,147
1,145,151
1,145,152
1,145,153
1,145,154
1,145,158
1,145,163
1,145,164
1,145,165
1,145,166
1,145,167
1,145,170
1,145,172
1,145,173
1,145,174
1,146,148
1,146,149
1,146,150
1,146,155
1,146,156
1,146,157
1,146,159
1,146,160
1,146,161
1,146,162
1,146,168
1,146,169
1,146,171
1,146,175
1,146,176
1,146,177
1,146,178
1,146,179
1,146,180
1,146,181
1,146,182
1,146,183
1,146,184
1,147,151
1,147,152
1,147,153
1,147,154
1,147,158
1,147,163
1,147,164
1,147,165
1,147,166
1,147,167
1,147,170
1,147,172
1,147,173
1,147,174
1,148,149
1,148,150
1,148,155
1,148,156
1,148,157
1,148,159
1,148,160
1,148,161
1,148,162
1,148,168
1,148,169
1,148,171
1,148,175
1,148,176
1,148,177
1,148,178
1,148,179
1,148,180
1,148,181
1,148,182
1,148,183
1,148,184
1,149,150
1,149,155
1,149,156
1,149,157
1,149,159
1,149,160
1,149,161
1,149,162
1,149,168
1,149,169
1,149,171
1,149,175
1,149,176
1,149,177
1,149,178
1,149,179
1,149,180
1,149,181
1,149,182
1,149,183
1,149,184
1,150,155
1,150,156
1,150,157
1,150,159
1,150,160
1,150,161
1,150,162
1,150,168
1,150,169
1,150,171
1,150,175
1,150,176
1,150,177
1,150,178
1,150,179
1,150,180
1,150,181
1,150,182
1,150,183
1,150,184
1,151,152
1,151,153
1,151,154
1,151,158
1,151,163
1,151,164
1,151,165
1,151,166
1,151,167
1,151,170
1,151,172
1,151,173
1,151,174
1,152,153
1,152,154
1,152,158
1,152,163
1,152,164
1,152,165
1,152,166
1,152,167
1,152,170
1,152,172
1,152,173
1,152,174
1,153,154
1,153,158
1,153,163
1,153,164
1,153,165
1,153,166
1,153,167
1,153,170
1,153,172
1,153,173
1,153,174
1,154,158
1,154,163
1,154,164
1,154,165
1,154,166
1,154,167
1,154,170
1,154,172
1,154,173
1,154,174
1,155,156
1,155,157
1,155,159
1,155,160
1,155,161
1,155,162
1,155,168
1,155,169
1,155,171
1,155,175
1,155,176
1,155,177
1,155,178
1,155,179
1,155,180
1,155,181
1,155,182
1,155,183
1,155,184
1,156,157
1,156,159
1,156,160
1,156,161
1,156,162
1,156,168
1,156,169
1,156,171
1,156,175
1,156,176
1,156,177
1,156,178
1,156,179
1,156,180
1,156,181
1,156,182
1,156,183
1,156,184
1,157,159
1,157,160
1,157,161
1,157,162
1,157,168
1,157,169
1,157,171
1,157,175
1,157,176
1,157,177
1,157,178
1,157,179
1,157,180
1,157,181
1,157,182
1,157,183
1,157,184
1,158,163
1,158,164
1,158,165
1,158,166
1,158,167
1,158,170
1,158,172
1,158,173
1,158,174
1,159,160
1,159,161
1,159,162
1,159,168
1,159,169
1,159,171
1,159,175
1,159,176
1,159,177
1,159,178
1,159,179
1,159,180
1,159,181
1,159,182
1,159,183
1,159,184
1,160,161
1,160,162
1,160,168
1,160,169
1,160,171
1,160,175
1,160,176
1,160,177
1,160,178
1,160,179
1,160,180
1,160,181
1,160,182
1,160,183
1,160,184
1,161,162
1,161,168
1,161,169
1,161,171
1,161,175
1,161,176
1,161,177
1,161,178
1,161,179
1,161,180
1,161,181
1,161,182
1,161,183
1,161,184
1,162,168
1,162,169
1,162,171
1,162,175
1,162,176
1,162,177
1,162,178
1,162,179
1,162,180
1,162,181
1,162,182
1,162,183
1,162,184
1,163,164
1,163,165
1,163,166
1,163,167
1,163,170
1,163,172
1,163,173
1,163,174
1,164,165
1,164,166
1,164,167
1,164,170
1,164,172
1,164,173
1,164,174
1,165,166
1,165,167
1,165,170
1,165,172
1,165,173
1,165,174
1,166,167
1,166,170
1,166,172
1,166,173
1,166,174
1,167,170
1,167,172
1,167,173
1,167,174
1,168,169
1,168,171
1,168,175
1,168,176
1,168,177
1,168,178
1,168,179
1,168,180
1,168,181
1,168,182
1,168,183
1,168,184
1,169,171
1,169,175
1,169,176
1,169,177
1,169,178
1,169,179
1,169,180
1,169,181
1,169,182
1,169,183
1,169,184
1,170,172
1,170,173
1,170,174
1,171,175
1,171,176
1,171,177
1,171,178
1,171,179
1,171,180
1,171,181
1,171,182
1,171,183
1,171,184
1,172,173
1,172,174
1,173,174
1,175,176
1,175,177
1,175,178
1,175,179
1,175,180
1,175,181
1,175,182
1,175,183
1,175,184
1,176,177
1,176,178
1,176,179
1,176,180
1,176,181
1,176,182
1,176,183
1,176,184
1,177,178
1,177,179
1,177,180
1,177,181
1,177,182
1,177,183
1,177,184
1,178,179
1,178,180
1,178,181
1,178,182
1,178,183
1,178,184
1,179,180
1,179,181
1,179,182
1,179,183
1,179,184
1,180,181
1,180,182
1,180,183
1,180,184
1,181,182
1,181,183
1,181,184
1,182,183
1,182,184
1,183,184
