UserID,Outcome1ID,Outcome2ID
1,1,2
1,1,4
1,1,5
1,1,6
1,1,7
1,1,9
1,1,10
1,1,11
1,1,12
1,1,17
1,1,18
1,1,19
1,1,20
1,1,24
1,1,25
1,1,26
1,1,31
1,1,32
1,1,33
1,1,34
1,1,35
1,1,42
1,1,43
1,1,44
1,1,45
1,1,46
1,1,47
1,1,70
1,1,71
1,1,72
1,1,73
1,1,74
1,1,75
1,1,76
1,1,77
1,1,81
1,1,82
1,1,86
1,1,90
1,1,91
1,1,92
1,1,93
1,1,94
1,1,95
1,1,96
1,1,97
1,1,104
1,1,105
1,1,106
1,1,107
1,1,108
1,1,109
1,1,114
1,1,115
1,1,116
1,1,117
1,1,118
1,1,119
1,1,120
1,1,124
1,1,125
1,1,126
1,1,127
1,1,128
1,1,129
1,1,130
1,1,131
1,1,132
1,1,133
1,1,140
1,1,141
1,1,144
1,1,145
1,1,147
1,1,151
1,1,152
1,1,153
1,1,154
1,1,158
1,1,163
1,1,164
1,1,165
1,1,166
1,1,167
1,1,170
1,1,172
1,1,173
1,1,174
1,3,2
1,8,2
1,13,2
1,14,2
1,15,2
1,16,2
1,21,2
1,22,2
1,23,2
1,27,2
1,28,2
1,29,2
1,30,2
1,36,2
1,37,2
1,38,2
1,39,2
1,40,2
1,41,2
1,48,2
1,49,2
1,50,2
1,51,2
1,52,2
1,53,2
1,54,2
1,55,2
1,56,2
1,57,2
1,58,2
1,59,2
1,60,2
1,61,2
1,62,2
1,63,2
1,64,2
1,65,2
1,66,2
1,67,2
1,68,2
1,69,2
1,78,2
1,79,2
1,80,2
1,83,2
1,84,2
1,85,2
1,87,2
1,88,2
1,89,2
1,98,2
1,99,2
1,100,2
1,101,2
1,102,2
1,103,2
1,110,2
1,111,2
1,112,2
1,113,2
1,121,2
1,122,2
1,123,2
1,134,2
1,135,2
1,136,2
1,137,2
1,138,2
1,139,2
1,142,2
1,143,2
1,146,2
1,148,2
1,149,2
1,150,2
1,155,2
1,156,2
1,157,2
1,159,2
1,160,2
1,161,2
1,162,2
1,168,2
1,169,2
1,171,2
1,175,2
1,176,2
1,177,2
1,178,2
1,179,2
1,180,2
1,181,2
1,182,2
1,183,2
1,184,2
1,3,4
1,3,5
1,3,6
1,3,7
1,3,9
1,3,10
1,3,11
1,3,12
1,3,17
1,3,18
1,3,19
1,3,20
1,3,24
1,3,25
1,3,26
1,3,31
1,3,32
1,3,33
1,3,34
1,3,35
1,3,42
1,3,43
1,3,44
1,3,45
1,3,46
1,3,47
1,3,70
1,3,71
1,3,72
1,3,73
1,3,74
1,3,75
1,3,76
1,3,77
1,3,81
1,3,82
1,3,86
1,3,90
1,3,91
1,3,92
1,3,93
1,3,94
1,3,95
1,3,96
1,3,97
1,3,104
1,3,105
1,3,106
1,3,107
1,3,108
1,3,109
1,3,114
1,3,115
1,3,116
1,3,117
1,3,118
1,3,119
1,3,120
1,3,124
1,3,125
1,3,126
1,3,127
1,3,128
1,3,129
1,3,130
1,3,131
1,3,132
1,3,133
1,3,140
1,3,141
1,3,144
1,3,145
1,3,147
1,3,151
1,3,152
1,3,153
1,3,154
1,3,158
1,3,163
1,3,164
1,3,165
1,3,166
1,3,167
1,3,170
1,3,172
1,3,173
1,3,174
1,8,4
1,13,4
1,14,4
1,15,4
1,16,4
1,21,4
1,22,4
1,23,4
1,27,4
1,28,4
1,29,4
1,30,4
1,36,4
1,37,4
1,38,4
1,39,4
1,40,4
1,41,4
1,48,4
1,49,4
1,50,4
1,51,4
1,52,4
1,53,4
1,54,4
1,55,4
1,56,4
1,57,4
1,58,4
1,59,4
1,60,4
1,61,4
1,62,4
1,63,4
1,64,4
1,65,4
1,66,4
1,67,4
1,68,4
1,69,4
1,78,4
1,79,4
1,80,4
1,83,4
1,84,4
1,85,4
1,87,4
1,88,4
1,89,4
1,98,4
1,99,4
1,100,4
1,101,4
1,102,4
1,103,4
1,110,4
1,111,4
1,112,4
1,113,4
1,121,4
1,122,4
1,123,4
1,134,4
1,135,4
1,136,4
1,137,4
1,138,4
1,139,4
1,142,4
1,143,4
1,146,4
1,148,4
1,149,4
1,150,4
1,155,4
1,156,4
1,157,4
1,159,4
1,160,4
1,161,4
1,162,4
1,168,4
1,169,4
1,171,4
1,175,4
1,176,4
1,177,4
1,178,4
1,179,4
1,180,4
1,181,4
1,182,4
1,183,4
1,184,4
1,8,5
1,13,5
1,14,5
1,15,5
1,16,5
1,21,5
1,22,5
1,23,5
1,27,5
1,28,5
1,29,5
1,30,5
1,36,5
1,37,5
1,38,5
1,39,5
1,40,5
1,41,5
1,48,5
1,49,5
1,50,5
1,51,5
1,52,5
1,53,5
1,54,5
1,55,5
1,56,5
1,57,5
1,58,5
1,59,5
1,60,5
1,61,5
1,62,5
1,63,5
1,64,5
1,65,5
1,66,5
1,67,5
1,68,5
1,69,5
1,78,5
1,79,5
1,80,5
1,83,5
1,84,5
1,85,5
1,87,5
1,88,5
1,89,5
1,98,5
1,99,5
1,100,5
1,101,5
1,102,5
1,103,5
1,110,5
1,111,5
1,112,5
1,113,5
1,121,5
1,122,5
1,123,5
1,134,5
1,135,5
1,136,5
1,137,5
1,138,5
1,139,5
1,142,5
1,143,5
1,146,5
1,148,5
1,149,5
1,150,5
1,155,5
1,156,5
1,157,5
1,159,5
1,160,5
1,161,5
1,162,5
1,168,5
1,169,5
1,171,5
1,175,5
1,176,5
1,177,5
1,178,5
1,179,5
1,180,5
1,181,5
1,182,5
1,183,5
1,184,5
1,8,6
1,13,6
1,14,6
1,15,6
1,16,6
1,21,6
1,22,6
1,23,6
1,27,6
1,28,6
1,29,6
1,30,6
1,36,6
1,37,6
1,38,6
1,39,6
1,40,6
1,41,6
1,48,6
1,49,6
1,50,6
1,51,6
1,52,6
1,53,6
1,54,6
1,55,6
1,56,6
1,57,6
1,58,6
1,59,6
1,60,6
1,61,6
1,62,6
1,63,6
1,64,6
1,65,6
1,66,6
1,67,6
1,68,6
1,69,6
1,78,6
1,79,6
1,80,6
1,83,6
1,84,6
1,85,6
1,87,6
1,88,6
1,89,6
1,98,6
1,99,6
1,100,6
1,101,6
1,102,6
1,103,6
1,110,6
1,111,6
1,112,6
1,113,6
1,121,6
1,122,6
1,123,6
1,134,6
1,135,6
1,136,6
1,137,6
1,138,6
1,139,6
1,142,6
1,143,6
1,146,6
1,148,6
1,149,6
1,150,6
1,155,6
1,156,6
1,157,6
1,159,6
1,160,6
1,161,6
1,162,6
1,168,6
1,169,6
1,171,6
1,175,6
1,176,6
1,177,6
1,178,6
1,179,6
1,180,6
1,181,6
1,182,6
1,183,6
1,184,6
1,8,7
1,13,7
1,14,7
1,15,7
1,16,7
1,21,7
1,22,7
1,23,7
1,27,7
1,28,7
1,29,7
1,30,7
1,36,7
1,37,7
1,38,7
1,39,7
1,40,7
1,41,7
1,48,7
1,49,7
1,50,7
1,51,7
1,52,7
1,53,7
1,54,7
1,55,7
1,56,7
1,57,7
1,58,7
1,59,7
1,60,7
1,61,7
1,62,7
1,63,7
1,64,7
1,65,7
1,66,7
1,67,7
1,68,7
1,69,7
1,78,7
1,79,7
1,80,7
1,83,7
1,84,7
1,85,7
1,87,7
1,88,7
1,89,7
1,98,7
1,99,7
1,100,7
1,101,7
1,102,7
1,103,7
1,110,7
1,111,7
1,112,7
1,113,7
1,121,7
1,122,7
1,123,7
1,134,7
1,135,7
1,136,7
1,137,7
1,138,7
1,139,7
1,142,7
1,143,7
1,146,7
1,148,7
1,149,7
1,150,7
1,155,7
1,156,7
1,157,7
1,159,7
1,160,7
1,161,7
1,162,7
1,168,7
1,169,7
1,171,7
1,175,7
1,176,7
1,177,7
1,178,7
1,179,7
1,180,7
1,181,7
1,182,7
1,183,7
1,184,7
1,8,9
1,8,10
1,8,11
1,8,12
1,8,17
1,8,18
1,8,19
1,8,20
1,8,24
1,8,25
1,8,26
1,8,31
1,8,32
1,8,33
1,8,34
1,8,35
1,8,42
1,8,43
1,8,44
1,8,45
1,8,46
1,8,47
1,8,70
1,8,71
1,8,72
1,8,73
1,8,74
1,8,75
1,8,76
1,8,77
1,8,81
1,8,82
1,8,86
1,8,90
1,8,91
1,8,92
1,8,93
1,8,94
1,8,95
1,8,96
1,8,97
1,8,104
1,8,105
1,8,106
1,8,107
1,8,108
1,8,109
1,8,114
1,8,115
1,8,116
1,8,117
1,8,118
1,8,119
1,8,120
1,8,124
1,8,125
1,8,126
1,8,127
1,8,128
1,8,129
1,8,130
1,8,131
1,8,132
1,8,133
1,8,140
1,8,141
1,8,144
1,8,145
1,8,147
1,8,151
1,8,152
1,8,153
1,8,154
1,8,158
1,8,163
1,8,164
1,8,165
1,8,166
1,8,167
1,8,170
1,8,172
1,8,173
1,8,174
1,13,9
1,14,9
1,15,9
1,16,9
1,21,9
1,22,9
1,23,9
1,27,9
1,28,9
1,29,9
1,30,9
1,36,9
1,37,9
1,38,9
1,39,9
1,40,9
1,41,9
1,48,9
1,49,9
1,50,9
1,51,9
1,52,9
1,53,9
1,54,9
1,55,9
1,56,9
1,57,9
1,58,9
1,59,9
1,60,9
1,61,9
1,62,9
1,63,9
1,64,9
1,65,9
1,66,9
1,67,9
1,68,9
1,69,9
1,78,9
1,79,9
1,80,9
1,83,9
1,84,9
1,85,9
1,87,9
1,88,9
1,89,9
1,98,9
1,99,9
1,100,9
1,101,9
1,102,9
1,103,9
1,110,9
1,111,9
1,112,9
1,113,9
1,121,9
1,122,9
1,123,9
1,134,9
1,135,9
1,136,9
1,137,9
1,138,9
1,139,9
1,142,9
1,143,9
1,146,9
1,148,9
1,149,9
1,150,9
1,155,9
1,156,9
1,157,9
1,159,9
1,160,9
1,161,9
1,162,9
1,168,9
1,169,9
1,171,9
1,175,9
1,176,9
1,177,9
1,178,9
1,179,9
1,180,9
1,181,9
1,182,9
1,183,9
1,184,9
1,13,10
1,14,10
1,15,10
1,16,10
1,21,10
1,22,10
1,23,10
1,27,10
1,28,10
1,29,10
1,30,10
1,36,10
1,37,10
1,38,10
1,39,10
1,40,10
1,41,10
1,48,10
1,49,10
1,50,10
1,51,10
1,52,10
1,53,10
1,54,10
1,55,10
1,56,10
1,57,10
1,58,10
1,59,10
1,60,10
1,61,10
1,62,10
1,63,10
1,64,10
1,65,10
1,66,10
1,67,10
1,68,10
1,69,10
1,78,10
1,79,10
1,80,10
1,83,10
1,84,10
1,85,10
1,87,10
1,88,10
1,89,10
1,98,10
1,99,10
1,100,10
1,101,10
1,102,10
1,103,10
1,110,10
1,111,10
1,112,10
1,113,10
1,121,10
1,122,10
1,123,10
1,134,10
1,135,10
1,136,10
1,137,10
1,138,10
1,139,10
1,142,10
1,143,10
1,146,10
1,148,10
1,149,10
1,150,10
1,155,10
1,156,10
1,157,10
1,159,10
1,160,10
1,161,10
1,162,10
1,168,10
1,169,10
1,171,10
1,175,10
1,176,10
1,177,10
1,178,10
1,179,10
1,180,10
1,181,10
1,182,10
1,183,10
1,184,10
1,13,11
1,14,11
1,15,11
1,16,11
1,21,11
1,22,11
1,23,11
1,27,11
1,28,11
1,29,11
1,30,11
1,36,11
1,37,11
1,38,11
1,39,11
1,40,11
1,41,11
1,48,11
1,49,11
1,50,11
1,51,11
1,52,11
1,53,11
1,54,11
1,55,11
1,56,11
1,57,11
1,58,11
1,59,11
1,60,11
1,61,11
1,62,11
1,63,11
1,64,11
1,65,11
1,66,11
1,67,11
1,68,11
1,69,11
1,78,11
1,79,11
1,80,11
1,83,11
1,84,11
1,85,11
1,87,11
1,88,11
1,89,11
1,98,11
1,99,11
1,100,11
1,101,11
1,102,11
1,103,11
1,110,11
1,111,11
1,112,11
1,113,11
1,121,11
1,122,11
1,123,11
1,134,11
1,135,11
1,136,11
1,137,11
1,138,11
1,139,11
1,142,11
1,143,11
1,146,11
1,148,11
1,149,11
1,150,11
1,155,11
1,156,11
1,157,11
1,159,11
1,160,11
1,161,11
1,162,11
1,168,11
1,169,11
1,171,11
1,175,11
1,176,11
1,177,11
1,178,11
1,179,11
1,180,11
1,181,11
1,182,11
1,183,11
1,184,11
1,13,12
1,14,12
1,15,12
1,16,12
1,21,12
1,22,12
1,23,12
1,27,12
1,28,12
1,29,12
1,30,12
1,36,12
1,37,12
1,38,12
1,39,12
1,40,12
1,41,12
1,48,12
1,49,12
1,50,12
1,51,12
1,52,12
1,53,12
1,54,12
1,55,12
1,56,12
1,57,12
1,58,12
1,59,12
1,60,12
1,61,12
1,62,12
1,63,12
1,64,12
1,65,12
1,66,12
1,67,12
1,68,12
1,69,12
1,78,12
1,79,12
1,80,12
1,83,12
1,84,12
1,85,12
1,87,12
1,88,12
1,89,12
1,98,12
1,99,12
1,100,12
1,101,12
1,102,12
1,103,12
1,110,12
1,111,12
1,112,12
1,113,12
1,121,12
1,122,12
1,123,12
1,134,12
1,135,12
1,136,12
1,137,12
1,138,12
1,139,12
1,142,12
1,143,12
1,146,12
1,148,12
1,149,12
1,150,12
1,155,12
1,156,12
1,157,12
1,159,12
1,160,12
1,161,12
1,162,12
1,168,12
1,169,12
1,171,12
1,175,12
1,176,12
1,177,12
1,178,12
1,179,12
1,180,12
1,181,12
1,182,12
1,183,12
1,184,12
1,13,17
1,13,18
1,13,19
1,13,20
1,13,24
1,13,25
1,13,26
1,13,31
1,13,32
1,13,33
1,13,34
1,13,35
1,13,42
1,13,43
1,13,44
1,13,45
1,13,46
1,13,47
1,13,70
1,13,71
1,13,72
1,13,73
1,13,74
1,13,75
1,13,76
1,13,77
1,13,81
1,13,82
1,13,86
1,13,90
1,13,91
1,13,92
1,13,93
1,13,94
1,13,95
1,13,96
1,13,97
1,13,104
1,13,105
1,13,106
1,13,107
1,13,108
1,13,109
1,13,114
1,13,115
1,13,116
1,13,117
1,13,118
1,13,119
1,13,120
1,13,124
1,13,125
1,13,126
1,13,127
1,13,128
1,13,129
1,13,130
1,13,131
1,13,132
1,13,133
1,13,140
1,13,141
1,13,144
1,13,145
1,13,147
1,13,151
1,13,152
1,13,153
1,13,154
1,13,158
1,13,163
1,13,164
1,13,165
1,13,166
1,13,167
1,13,170
1,13,172
1,13,173
1,13,174
1,14,17
1,14,18
1,14,19
1,14,20
1,14,24
1,14,25
1,14,26
1,14,31
1,14,32
1,14,33
1,14,34
1,14,35
1,14,42
1,14,43
1,14,44
1,14,45
1,14,46
1,14,47
1,14,70
1,14,71
1,14,72
1,14,73
1,14,74
1,14,75
1,14,76
1,14,77
1,14,81
1,14,82
1,14,86
1,14,90
1,14,91
1,14,92
1,14,93
1,14,94
1,14,95
1,14,96
1,14,97
1,14,104
1,14,105
1,14,106
1,14,107
1,14,108
1,14,109
1,14,114
1,14,115
1,14,116
1,14,117
1,14,118
1,14,119
1,14,120
1,14,124
1,14,125
1,14,126
1,14,127
1,14,128
1,14,129
1,14,130
1,14,131
1,14,132
1,14,133
1,14,140
1,14,141
1,14,144
1,14,145
1,14,147
1,14,151
1,14,152
1,14,153
1,14,154
1,14,158
1,14,163
1,14,164
1,14,165
1,14,166
1,14,167
1,14,170
1,14,172
1,14,173
1,14,174
1,15,17
1,15,18
1,15,19
1,15,20
1,15,24
1,15,25
1,15,26
1,15,31
1,15,32
1,15,33
1,15,34
1,15,35
1,15,42
1,15,43
1,15,44
1,15,45
1,15,46
1,15,47
1,15,70
1,15,71
1,15,72
1,15,73
1,15,74
1,15,75
1,15,76
1,15,77
1,15,81
1,15,82
1,15,86
1,15,90
1,15,91
1,15,92
1,15,93
1,15,94
1,15,95
1,15,96
1,15,97
1,15,104
1,15,105
1,15,106
1,15,107
1,15,108
1,15,109
1,15,114
1,15,115
1,15,116
1,15,117
1,15,118
1,15,119
1,15,120
1,15,124
1,15,125
1,15,126
1,15,127
1,15,128
1,15,129
1,15,130
1,15,131
1,15,132
1,15,133
1,15,140
1,15,141
1,15,144
1,15,145
1,15,147
1,15,151
1,15,152
1,15,153
1,15,154
1,15,158
1,15,163
1,15,164
1,15,165
1,15,166
1,15,167
1,15,170
1,15,172
1,15,173
1,15,174
1,16,17
1,16,18
1,16,19
1,16,20
1,16,24
1,16,25
1,16,26
1,16,31
1,16,32
1,16,33
1,16,34
1,16,35
1,16,42
1,16,43
1,16,44
1,16,45
1,16,46
1,16,47
1,16,70
1,16,71
1,16,72
1,16,73
1,16,74
1,16,75
1,16,76
1,16,77
1,16,81
1,16,82
1,16,86
1,16,90
1,16,91
1,16,92
1,16,93
1,16,94
1,16,95
1,16,96
1,16,97
1,16,104
1,16,105
1,16,106
1,16,107
1,16,108
1,16,109
1,16,114
1,16,115
1,16,116
1,16,117
1,16,118
1,16,119
1,16,120
1,16,124
1,16,125
1,16,126
1,16,127
1,16,128
1,16,129
1,16,130
1,16,131
1,16,132
1,16,133
1,16,140
1,16,141
1,16,144
1,16,145
1,16,147
1,16,151
1,16,152
1,16,153
1,16,154
1,16,158
1,16,163
1,16,164
1,16,165
1,16,166
1,16,167
1,16,170
1,16,172
1,16,173
1,16,174
1,21,17
1,22,17
1,23,17
1,27,17
1,28,17
1,29,17
1,30,17
1,36,17
1,37,17
1,38,17
1,39,17
1,40,17
1,41,17
1,48,17
1,49,17
1,50,17
1,51,17
1,52,17
1,53,17
1,54,17
1,55,17
1,56,17
1,57,17
1,58,17
1,59,17
1,60,17
1,61,17
1,62,17
1,63,17
1,64,17
1,65,17
1,66,17
1,67,17
1,68,17
1,69,17
1,78,17
1,79,17
1,80,17
1,83,17
1,84,17
1,85,17
1,87,17
1,88,17
1,89,17
1,98,17
1,99,17
1,100,17
1,101,17
1,102,17
1,103,17
1,110,17
1,111,17
1,112,17
1,113,17
1,121,17
1,122,17
1,123,17
1,134,17
1,135,17
1,136,17
1,137,17
1,138,17
1,139,17
1,142,17
1,143,17
1,146,17
1,148,17
1,149,17
1,150,17
1,155,17
1,156,17
1,157,17
1,159,17
1,160,17
1,161,17
1,162,17
1,168,17
1,169,17
1,171,17
1,175,17
1,176,17
1,177,17
1,178,17
1,179,17
1,180,17
1,181,17
1,182,17
1,183,17
1,184,17
1,21,18
1,22,18
1,23,18
1,27,18
1,28,18
1,29,18
1,30,18
1,36,18
1,37,18
1,38,18
1,39,18
1,40,18
1,41,18
1,48,18
1,49,18
1,50,18
1,51,18
1,52,18
1,53,18
1,54,18
1,55,18
1,56,18
1,57,18
1,58,18
1,59,18
1,60,18
1,61,18
1,62,18
1,63,18
1,64,18
1,65,18
1,66,18
1,67,18
1,68,18
1,69,18
1,78,18
1,79,18
1,80,18
1,83,18
1,84,18
1,85,18
1,87,18
1,88,18
1,89,18
1,98,18
1,99,18
1,100,18
1,101,18
1,102,18
1,103,18
1,110,18
1,111,18
1,112,18
1,113,18
1,121,18
1,122,18
1,123,18
1,134,18
1,135,18
1,136,18
1,137,18
1,138,18
1,139,18
1,142,18
1,143,18
1,146,18
1,148,18
1,149,18
1,150,18
1,155,18
1,156,18
1,157,18
1,159,18
1,160,18
1,161,18
1,162,18
1,168,18
1,169,18
1,171,18
1,175,18
1,176,18
1,177,18
1,178,18
1,179,18
1,180,18
1,181,18
1,182,18
1,183,18
1,184,18
1,21,19
1,22,19
1,23,19
1,27,19
1,28,19
1,29,19
1,30,19
1,36,19
1,37,19
1,38,19
1,39,19
1,40,19
1,41,19
1,48,19
1,49,19
1,50,19
1,51,19
1,52,19
1,53,19
1,54,19
1,55,19
1,56,19
1,57,19
1,58,19
1,59,19
1,60,19
1,61,19
1,62,19
1,63,19
1,64,19
1,65,19
1,66,19
1,67,19
1,68,19
1,69,19
1,78,19
1,79,19
1,80,19
1,83,19
1,84,19
1,85,19
1,87,19
1,88,19
1,89,19
1,98,19
1,99,19
1,100,19
1,101,19
1,102,19
1,103,19
1,110,19
1,111,19
1,112,19
1,113,19
1,121,19
1,122,19
1,123,19
1,134,19
1,135,19
1,136,19
1,137,19
1,138,19
1,139,19
1,142,19
1,143,19
1,146,19
1,148,19
1,149,19
1,150,19
1,155,19
1,156,19
1,157,19
1,159,19
1,160,19
1,161,19
1,162,19
1,168,19
1,169,19
1,171,19
1,175,19
1,176,19
1,177,19
1,178,19
1,179,19
1,180,19
1,181,19
1,182,19
1,183,19
1,184,19
1,21,20
1,22,20
1,23,20
1,27,20
1,28,20
1,29,20
1,30,20
1,36,20
1,37,20
1,38,20
1,39,20
1,40,20
1,41,20
1,48,20
1,49,20
1,50,20
1,51,20
1,52,20
1,53,20
1,54,20
1,55,20
1,56,20
1,57,20
1,58,20
1,59,20
1,60,20
1,61,20
1,62,20
1,63,20
1,64,20
1,65,20
1,66,20
1,67,20
1,68,20
1,69,20
1,78,20
1,79,20
1,80,20
1,83,20
1,84,20
1,85,20
1,87,20
1,88,20
1,89,20
1,98,20
1,99,20
1,100,20
1,101,20
1,102,20
1,103,20
1,110,20
1,111,20
1,112,20
1,113,20
1,121,20
1,122,20
1,123,20
1,134,20
1,135,20
1,136,20
1,137,20
1,138,20
1,139,20
1,142,20
1,143,20
1,146,20
1,148,20
1,149,20
1,150,20
1,155,20
1,156,20
1,157,20
1,159,20
1,160,20
1,161,20
1,162,20
1,168,20
1,169,20
1,171,20
1,175,20
1,176,20
1,177,20
1,178,20
1,179,20
1,180,20
1,181,20
1,182,20
1,183,20
1,184,20
1,21,24
1,21,25
1,21,26
1,21,31
1,21,32
1,21,33
1,21,34
1,21,35
1,21,42
1,21,43
1,21,44
1,21,45
1,21,46
1,21,47
1,21,70
1,21,71
1,21,72
1,21,73
1,21,74
1,21,75
1,21,76
1,21,77
1,21,81
1,21,82
1,21,86
1,21,90
1,21,91
1,21,92
1,21,93
1,21,94
1,21,95
1,21,96
1,21,97
1,21,104
1,21,105
1,21,106
1,21,107
1,21,108
1,21,109
1,21,114
1,21,115
1,21,116
1,21,117
1,21,118
1,21,119
1,21,120
1,21,124
1,21,125
1,21,126
1,21,127
1,21,128
1,21,129
1,21,130
1,21,131
1,21,132
1,21,133
1,21,140
1,21,141
1,21,144
1,21,145
1,21,147
1,21,151
1,21,152
1,21,153
1,21,154
1,21,158
1,21,163
1,21,164
1,21,165
1,21,166
1,21,167
1,21,170
1,21,172
1,21,173
1,21,174
1,22,24
1,22,25
1,22,26
1,22,31
1,22,32
1,22,33
1,22,34
1,22,35
1,22,42
1,22,43
1,22,44
1,22,45
1,22,46
1,22,47
1,22,70
1,22,71
1,22,72
1,22,73
1,22,74
1,22,75
1,22,76
1,22,77
1,22,81
1,22,82
1,22,86
1,22,90
1,22,91
1,22,92
1,22,93
1,22,94
1,22,95
1,22,96
1,22,97
1,22,104
1,22,105
1,22,106
1,22,107
1,22,108
1,22,109
1,22,114
1,22,115
1,22,116
1,22,117
1,22,118
1,22,119
1,22,120
1,22,124
1,22,125
1,22,126
1,22,127
1,22,128
1,22,129
1,22,130
1,22,131
1,22,132
1,22,133
1,22,140
1,22,141
1,22,144
1,22,145
1,22,147
1,22,151
1,22,152
1,22,153
1,22,154
1,22,158
1,22,163
1,22,164
1,22,165
1,22,166
1,22,167
1,22,170
1,22,172
1,22,173
1,22,174
1,23,24
1,23,25
1,23,26
1,23,31
1,23,32
1,23,33
1,23,34
1,23,35
1,23,42
1,23,43
1,23,44
1,23,45
1,23,46
1,23,47
1,23,70
1,23,71
1,23,72
1,23,73
1,23,74
1,23,75
1,23,76
1,23,77
1,23,81
1,23,82
1,23,86
1,23,90
1,23,91
1,23,92
1,23,93
1,23,94
1,23,95
1,23,96
1,23,97
1,23,104
1,23,105
1,23,106
1,23,107
1,23,108
1,23,109
1,23,114
1,23,115
1,23,116
1,23,117
1,23,118
1,23,119
1,23,120
1,23,124
1,23,125
1,23,126
1,23,127
1,23,128
1,23,129
1,23,130
1,23,131
1,23,132
1,23,133
1,23,140
1,23,141
1,23,144
1,23,145
1,23,147
1,23,151
1,23,152
1,23,153
1,23,154
1,23,158
1,23,163
1,23,164
1,23,165
1,23,166
1,23,167
1,23,170
1,23,172
1,23,173
1,23,174
1,27,24
1,28,24
1,29,24
1,30,24
1,36,24
1,37,24
1,38,24
1,39,24
1,40,24
1,41,24
1,48,24
1,49,24
1,50,24
1,51,24
1,52,24
1,53,24
1,54,24
1,55,24
1,56,24
1,57,24
1,58,24
1,59,24
1,60,24
1,61,24
1,62,24
1,63,24
1,64,24
1,65,24
1,66,24
1,67,24
1,68,24
1,69,24
1,78,24
1,79,24
1,80,24
1,83,24
1,84,24
1,85,24
1,87,24
1,88,24
1,89,24
1,98,24
1,99,24
1,100,24
1,101,24
1,102,24
1,103,24
1,110,24
1,111,24
1,112,24
1,113,24
1,121,24
1,122,24
1,123,24
1,134,24
1,135,24
1,136,24
1,137,24
1,138,24
1,139,24
1,142,24
1,143,24
1,146,24
1,148,24
1,149,24
1,150,24
1,155,24
1,156,24
1,157,24
1,159,24
1,160,24
1,161,24
1,162,24
1,168,24
1,169,24
1,171,24
1,175,24
1,176,24
1,177,24
1,178,24
1,179,24
1,180,24
1,181,24
1,182,24
1,183,24
1,184,24
1,27,25
1,28,25
1,29,25
1,30,25
1,36,25
1,37,25
1,38,25
1,39,25
1,40,25
1,41,25
1,48,25
1,49,25
1,50,25
1,51,25
1,52,25
1,53,25
1,54,25
1,55,25
1,56,25
1,57,25
1,58,25
1,59,25
1,60,25
1,61,25
1,62,25
1,63,25
1,64,25
1,65,25
1,66,25
1,67,25
1,68,25
1,69,25
1,78,25
1,79,25
1,80,25
1,83,25
1,84,25
1,85,25
1,87,25
1,88,25
1,89,25
1,98,25
1,99,25
1,100,25
1,101,25
1,102,25
1,103,25
1,110,25
1,111,25
1,112,25
1,113,25
1,121,25
1,122,25
1,123,25
1,134,25
1,135,25
1,136,25
1,137,25
1,138,25
1,139,25
1,142,25
1,143,25
1,146,25
1,148,25
1,149,25
1,150,25
1,155,25
1,156,25
1,157,25
1,159,25
1,160,25
1,161,25
1,162,25
1,168,25
1,169,25
1,171,25
1,175,25
1,176,25
1,177,25
1,178,25
1,179,25
1,180,25
1,181,25
1,182,25
1,183,25
1,184,25
1,27,26
1,28,26
1,29,26
1,30,26
1,36,26
1,37,26
1,38,26
1,39,26
1,40,26
1,41,26
1,48,26
1,49,26
1,50,26
1,51,26
1,52,26
1,53,26
1,54,26
1,55,26
1,56,26
1,57,26
1,58,26
1,59,26
1,60,26
1,61,26
1,62,26
1,63,26
1,64,26
1,65,26
1,66,26
1,67,26
1,68,26
1,69,26
1,78,26
1,79,26
1,80,26
1,83,26
1,84,26
1,85,26
1,87,26
1,88,26
1,89,26
1,98,26
1,99,26
1,100,26
1,101,26
1,102,26
1,103,26
1,110,26
1,111,26
1,112,26
1,113,26
1,121,26
1,122,26
1,123,26
1,134,26
1,135,26
1,136,26
1,137,26
1,138,26
1,139,26
1,142,26
1,143,26
1,146,26
1,148,26
1,149,26
1,150,26
1,155,26
1,156,26
1,157,26
1,159,26
1,160,26
1,161,26
1,162,26
1,168,26
1,169,26
1,171,26
1,175,26
1,176,26
1,177,26
1,178,26
1,179,26
1,180,26
1,181,26
1,182,26
1,183,26
1,184,26
1,27,31
1,27,32
1,27,33
1,27,34
1,27,35
1,27,42
1,27,43
1,27,44
1,27,45
1,27,46
1,27,47
1,27,70
1,27,71
1,27,72
1,27,73
1,27,74
1,27,75
1,27,76
1,27,77
1,27,81
1,27,82
1,27,86
1,27,90
1,27,91
1,27,92
1,27,93
1,27,94
1,27,95
1,27,96
1,27,97
1,27,104
1,27,105
1,27,106
1,27,107
1,27,108
1,27,109
1,27,114
1,27,115
1,27,116
1,27,117
1,27,118
1,27,119
1,27,120
1,27,124
1,27,125
1,27,126
1,27,127
1,27,128
1,27,129
1,27,130
1,27,131
1,27,132
1,27,133
1,27,140
1,27,141
1,27,144
1,27,145
1,27,147
1,27,151
1,27,152
1,27,153
1,27,154
1,27,158
1,27,163
1,27,164
1,27,165
1,27,166
1,27,167
1,27,170
1,27,172
1,27,173
1,27,174
1,28,31
1,28,32
1,28,33
1,28,34
1,28,35
1,28,42
1,28,43
1,28,44
1,28,45
1,28,46
1,28,47
1,28,70
1,28,71
1,28,72
1,28,73
1,28,74
1,28,75
1,28,76
1,28,77
1,28,81
1,28,82
1,28,86
1,28,90
1,28,91
1,28,92
1,28,93
1,28,94
1,28,95
1,28,96
1,28,97
1,28,104
1,28,105
1,28,106
1,28,107
1,28,108
1,28,109
1,28,114
1,28,115
1,28,116
1,28,117
1,28,118
1,28,119
1,28,120
1,28,124
1,28,125
1,28,126
1,28,127
1,28,128
1,28,129
1,28,130
1,28,131
1,28,132
1,28,133
1,28,140
1,28,141
1,28,144
1,28,145
1,28,147
1,28,151
1,28,152
1,28,153
1,28,154
1,28,158
1,28,163
1,28,164
1,28,165
1,28,166
1,28,167
1,28,170
1,28,172
1,28,173
1,28,174
1,29,31
1,29,32
1,29,33
1,29,34
1,29,35
1,29,42
1,29,43
1,29,44
1,29,45
1,29,46
1,29,47
1,29,70
1,29,71
1,29,72
1,29,73
1,29,74
1,29,75
1,29,76
1,29,77
1,29,81
1,29,82
1,29,86
1,29,90
1,29,91
1,29,92
1,29,93
1,29,94
1,29,95
1,29,96
1,29,97
1,29,104
1,29,105
1,29,106
1,29,107
1,29,108
1,29,109
1,29,114
1,29,115
1,29,116
1,29,117
1,29,118
1,29,119
1,29,120
1,29,124
1,29,125
1,29,126
1,29,127
1,29,128
1,29,129
1,29,130
1,29,131
1,29,132
1,29,133
1,29,140
1,29,141
1,29,144
1,29,145
1,29,147
1,29,151
1,29,152
1,29,153
1,29,154
1,29,158
1,29,163
1,29,164
1,29,165
1,29,166
1,29,167
1,29,170
1,29,172
1,29,173
1,29,174
1,30,31
1,30,32
1,30,33
1,30,34
1,30,35
1,30,42
1,30,43
1,30,44
1,30,45
1,30,46
1,30,47
1,30,70
1,30,71
1,30,72
1,30,73
1,30,74
1,30,75
1,30,76
1,30,77
1,30,81
1,30,82
1,30,86
1,30,90
1,30,91
1,30,92
1,30,93
1,30,94
1,30,95
1,30,96
1,30,97
1,30,104
1,30,105
1,30,106
1,30,107
1,30,108
1,30,109
1,30,114
1,30,115
1,30,116
1,30,117
1,30,118
1,30,119
1,30,120
1,30,124
1,30,125
1,30,126
1,30,127
1,30,128
1,30,129
1,30,130
1,30,131
1,30,132
1,30,133
1,30,140
1,30,141
1,30,144
1,30,145
1,30,147
1,30,151
1,30,152
1,30,153
1,30,154
1,30,158
1,30,163
1,30,164
1,30,165
1,30,166
1,30,167
1,30,170
1,30,172
1,30,173
1,30,174
1,36,31
1,37,31
1,38,31
1,39,31
1,40,31
1,41,31
1,48,31
1,49,31
1,50,31
1,51,31
1,52,31
1,53,31
1,54,31
1,55,31
1,56,31
1,57,31
1,58,31
1,59,31
1,60,31
1,61,31
1,62,31
1,63,31
1,64,31
1,65,31
1,66,31
1,67,31
1,68,31
1,69,31
1,78,31
1,79,31
1,80,31
1,83,31
1,84,31
1,85,31
1,87,31
1,88,31
1,89,31
1,98,31
1,99,31
1,100,31
1,101,31
1,102,31
1,103,31
1,110,31
1,111,31
1,112,31
1,113,31
1,121,31
1,122,31
1,123,31
1,134,31
1,135,31
1,136,31
1,137,31
1,138,31
1,139,31
1,142,31
1,143,31
1,146,31
1,148,31
1,149,31
1,150,31
1,155,31
1,156,31
1,157,31
1,159,31
1,160,31
1,161,31
1,162,31
1,168,31
1,169,31
1,171,31
1,175,31
1,176,31
1,177,31
1,178,31
1,179,31
1,180,31
1,181,31
1,182,31
1,183,31
1,184,31
1,36,32
1,37,32
1,38,32
1,39,32
1,40,32
1,41,32
1,48,32
1,49,32
1,50,32
1,51,32
1,52,32
1,53,32
1,54,32
1,55,32
1,56,32
1,57,32
1,58,32
1,59,32
1,60,32
1,61,32
1,62,32
1,63,32
1,64,32
1,65,32
1,66,32
1,67,32
1,68,32
1,69,32
1,78,32
1,79,32
1,80,32
1,83,32
1,84,32
1,85,32
1,87,32
1,88,32
1,89,32
1,98,32
1,99,32
1,100,32
1,101,32
1,102,32
1,103,32
1,110,32
1,111,32
1,112,32
1,113,32
1,121,32
1,122,32
1,123,32
1,134,32
1,135,32
1,136,32
1,137,32
1,138,32
1,139,32
1,142,32
1,143,32
1,146,32
1,148,32
1,149,32
1,150,32
1,155,32
1,156,32
1,157,32
1,159,32
1,160,32
1,161,32
1,162,32
1,168,32
1,169,32
1,171,32
1,175,32
1,176,32
1,177,32
1,178,32
1,179,32
1,180,32
1,181,32
1,182,32
1,183,32
1,184,32
1,36,33
1,37,33
1,38,33
1,39,33
1,40,33
1,41,33
1,48,33
1,49,33
1,50,33
1,51,33
1,52,33
1,53,33
1,54,33
1,55,33
1,56,33
1,57,33
1,58,33
1,59,33
1,60,33
1,61,33
1,62,33
1,63,33
1,64,33
1,65,33
1,66,33
1,67,33
1,68,33
1,69,33
1,78,33
1,79,33
1,80,33
1,83,33
1,84,33
1,85,33
1,87,33
1,88,33
1,89,33
1,98,33
1,99,33
1,100,33
1,101,33
1,102,33
1,103,33
1,110,33
1,111,33
1,112,33
1,113,33
1,121,33
1,122,33
1,123,33
1,134,33
1,135,33
1,136,33
1,137,33
1,138,33
1,139,33
1,142,33
1,143,33
1,146,33
1,148,33
1,149,33
1,150,33
1,155,33
1,156,33
1,157,33
1,159,33
1,160,33
1,161,33
1,162,33
1,168,33
1,169,33
1,171,33
1,175,33
1,176,33
1,177,33
1,178,33
1,179,33
1,180,33
1,181,33
1,182,33
1,183,33
1,184,33
1,36,34
1,37,34
1,38,34
1,39,34
1,40,34
1,41,34
1,48,34
1,49,34
1,50,34
1,51,34
1,52,34
1,53,34
1,54,34
1,55,34
1,56,34
1,57,34
1,58,34
1,59,34
1,60,34
1,61,34
1,62,34
1,63,34
1,64,34
1,65,34
1,66,34
1,67,34
1,68,34
1,69,34
1,78,34
1,79,34
1,80,34
1,83,34
1,84,34
1,85,34
1,87,34
1,88,34
1,89,34
1,98,34
1,99,34
1,100,34
1,101,34
1,102,34
1,103,34
1,110,34
1,111,34
1,112,34
1,113,34
1,121,34
1,122,34
1,123,34
1,134,34
1,135,34
1,136,34
1,137,34
1,138,34
1,139,34
1,142,34
1,143,34
1,146,34
1,148,34
1,149,34
1,150,34
1,155,34
1,156,34
1,157,34
1,159,34
1,160,34
1,161,34
1,162,34
1,168,34
1,169,34
1,171,34
1,175,34
1,176,34
1,177,34
1,178,34
1,179,34
1,180,34
1,181,34
1,182,34
1,183,34
1,184,34
1,36,35
1,37,35
1,38,35
1,39,35
1,40,35
1,41,35
1,48,35
1,49,35
1,50,35
1,51,35
1,52,35
1,53,35
1,54,35
1,55,35
1,56,35
1,57,35
1,58,35
1,59,35
1,60,35
1,61,35
1,62,35
1,63,35
1,64,35
1,65,35
1,66,35
1,67,35
1,68,35
1,69,35
1,78,35
1,79,35
1,80,35
1,83,35
1,84,35
1,85,35
1,87,35
1,88,35
1,89,35
1,98,35
1,99,35
1,100,35
1,101,35
1,102,35
1,103,35
1,110,35
1,111,35
1,112,35
1,113,35
1,121,35
1,122,35
1,123,35
1,134,35
1,135,35
1,136,35
1,137,35
1,138,35
1,139,35
1,142,35
1,143,35
1,146,35
1,148,35
1,149,35
1,150,35
1,155,35
1,156,35
1,157,35
1,159,35
1,160,35
1,161,35
1,162,35
1,168,35
1,169,35
1,171,35
1,175,35
1,176,35
1,177,35
1,178,35
1,179,35
1,180,35
1,181,35
1,182,35
1,183,35
1,184,35
1,36,42
1,36,43
1,36,44
1,36,45
1,36,46
1,36,47
1,36,70
1,36,71
1,36,72
1,36,73
1,36,74
1,36,75
1,36,76
1,36,77
1,36,81
1,36,82
1,36,86
1,36,90
1,36,91
1,36,92
1,36,93
1,36,94
1,36,95
1,36,96
1,36,97
1,36,104
1,36,105
1,36,106
1,36,107
1,36,108
1,36,109
1,36,114
1,36,115
1,36,116
1,36,117
1,36,118
1,36,119
1,36,120
1,36,124
1,36,125
1,36,126
1,36,127
1,36,128
1,36,129
1,36,130
1,36,131
1,36,132
1,36,133
1,36,140
1,36,141
1,36,144
1,36,145
1,36,147
1,36,151
1,36,152
1,36,153
1,36,154
1,36,158
1,36,163
1,36,164
1,36,165
1,36,166
1,36,167
1,36,170
1,36,172
1,36,173
1,36,174
1,37,42
1,37,43
1,37,44
1,37,45
1,37,46
1,37,47
1,37,70
1,37,71
1,37,72
1,37,73
1,37,74
1,37,75
1,37,76
1,37,77
1,37,81
1,37,82
1,37,86
1,37,90
1,37,91
1,37,92
1,37,93
1,37,94
1,37,95
1,37,96
1,37,97
1,37,104
1,37,105
1,37,106
1,37,107
1,37,108
1,37,109
1,37,114
1,37,115
1,37,116
1,37,117
1,37,118
1,37,119
1,37,120
1,37,124
1,37,125
1,37,126
1,37,127
1,37,128
1,37,129
1,37,130
1,37,131
1,37,132
1,37,133
1,37,140
1,37,141
1,37,144
1,37,145
1,37,147
1,37,151
1,37,152
1,37,153
1,37,154
1,37,158
1,37,163
1,37,164
1,37,165
1,37,166
1,37,167
1,37,170
1,37,172
1,37,173
1,37,174
1,38,42
1,38,43
1,38,44
1,38,45
1,38,46
1,38,47
1,38,70
1,38,71
1,38,72
1,38,73
1,38,74
1,38,75
1,38,76
1,38,77
1,38,81
1,38,82
1,38,86
1,38,90
1,38,91
1,38,92
1,38,93
1,38,94
1,38,95
1,38,96
1,38,97
1,38,104
1,38,105
1,38,106
1,38,107
1,38,108
1,38,109
1,38,114
1,38,115
1,38,116
1,38,117
1,38,118
1,38,119
1,38,120
1,38,124
1,38,125
1,38,126
1,38,127
1,38,128
1,38,129
1,38,130
1,38,131
1,38,132
1,38,133
1,38,140
1,38,141
1,38,144
1,38,145
1,38,147
1,38,151
1,38,152
1,38,153
1,38,154
1,38,158
1,38,163
1,38,164
1,38,165
1,38,166
1,38,167
1,38,170
1,38,172
1,38,173
1,38,174
1,39,42
1,39,43
1,39,44
1,39,45
1,39,46
1,39,47
1,39,70
1,39,71
1,39,72
1,39,73
1,39,74
1,39,75
1,39,76
1,39,77
1,39,81
1,39,82
1,39,86
1,39,90
1,39,91
1,39,92
1,39,93
1,39,94
1,39,95
1,39,96
1,39,97
1,39,104
1,39,105
1,39,106
1,39,107
1,39,108
1,39,109
1,39,114
1,39,115
1,39,116
1,39,117
1,39,118
1,39,119
1,39,120
1,39,124
1,39,125
1,39,126
1,39,127
1,39,128
1,39,129
1,39,130
1,39,131
1,39,132
1,39,133
1,39,140
1,39,141
1,39,144
1,39,145
1,39,147
1,39,151
1,39,152
1,39,153
1,39,154
1,39,158
1,39,163
1,39,164
1,39,165
1,39,166
1,39,167
1,39,170
1,39,172
1,39,173
1,39,174
1,40,42
1,40,43
1,40,44
1,40,45
1,40,46
1,40,47
1,40,70
1,40,71
1,40,72
1,40,73
1,40,74
1,40,75
1,40,76
1,40,77
1,40,81
1,40,82
1,40,86
1,40,90
1,40,91
1,40,92
1,40,93
1,40,94
1,40,95
1,40,96
1,40,97
1,40,104
1,40,105
1,40,106
1,40,107
1,40,108
1,40,109
1,40,114
1,40,115
1,40,116
1,40,117
1,40,118
1,40,119
1,40,120
1,40,124
1,40,125
1,40,126
1,40,127
1,40,128
1,40,129
1,40,130
1,40,131
1,40,132
1,40,133
1,40,140
1,40,141
1,40,144
1,40,145
1,40,147
1,40,151
1,40,152
1,40,153
1,40,154
1,40,158
1,40,163
1,40,164
1,40,165
1,40,166
1,40,167
1,40,170
1,40,172
1,40,173
1,40,174
1,41,42
1,41,43
1,41,44
1,41,45
1,41,46
1,41,47
1,41,70
1,41,71
1,41,72
1,41,73
1,41,74
1,41,75
1,41,76
1,41,77
1,41,81
1,41,82
1,41,86
1,41,90
1,41,91
1,41,92
1,41,93
1,41,94
1,41,95
1,41,96
1,41,97
1,41,104
1,41,105
1,41,106
1,41,107
1,41,108
1,41,109
1,41,114
1,41,115
1,41,116
1,41,117
1,41,118
1,41,119
1,41,120
1,41,124
1,41,125
1,41,126
1,41,127
1,41,128
1,41,129
1,41,130
1,41,131
1,41,132
1,41,133
1,41,140
1,41,141
1,41,144
1,41,145
1,41,147
1,41,151
1,41,152
1,41,153
1,41,154
1,41,158
1,41,163
1,41,164
1,41,165
1,41,166
1,41,167
1,41,170
1,41,172
1,41,173
1,41,174
1,48,42
1,49,42
1,50,42
1,51,42
1,52,42
1,53,42
1,54,42
1,55,42
1,56,42
1,57,42
1,58,42
1,59,42
1,60,42
1,61,42
1,62,42
1,63,42
1,64,42
1,65,42
1,66,42
1,67,42
1,68,42
1,69,42
1,78,42
1,79,42
1,80,42
1,83,42
1,84,42
1,85,42
1,87,42
1,88,42
1,89,42
1,98,42
1,99,42
1,100,42
1,101,42
1,102,42
1,103,42
1,110,42
1,111,42
1,112,42
1,113,42
1,121,42
1,122,42
1,123,42
1,134,42
1,135,42
1,136,42
1,137,42
1,138,42
1,139,42
1,142,42
1,143,42
1,146,42
1,148,42
1,149,42
1,150,42
1,155,42
1,156,42
1,157,42
1,159,42
1,160,42
1,161,42
1,162,42
1,168,42
1,169,42
1,171,42
1,175,42
1,176,42
1,177,42
1,178,42
1,179,42
1,180,42
1,181,42
1,182,42
1,183,42
1,184,42
1,48,43
1,49,43
1,50,43
1,51,43
1,52,43
1,53,43
1,54,43
1,55,43
1,56,43
1,57,43
1,58,43
1,59,43
1,60,43
1,61,43
1,62,43
1,63,43
1,64,43
1,65,43
1,66,43
1,67,43
1,68,43
1,69,43
1,78,43
1,79,43
1,80,43
1,83,43
1,84,43
1,85,43
1,87,43
1,88,43
1,89,43
1,98,43
1,99,43
1,100,43
1,101,43
1,102,43
1,103,43
1,110,43
1,111,43
1,112,43
1,113,43
1,121,43
1,122,43
1,123,43
1,134,43
1,135,43
1,136,43
1,137,43
1,138,43
1,139,43
1,142,43
1,143,43
1,146,43
1,148,43
1,149,43
1,150,43
1,155,43
1,156,43
1,157,43
1,159,43
1,160,43
1,161,43
1,162,43
1,168,43
1,169,43
1,171,43
1,175,43
1,176,43
1,177,43
1,178,43
1,179,43
1,180,43
1,181,43
1,182,43
1,183,43
1,184,43
1,48,44
1,49,44
1,50,44
1,51,44
1,52,44
1,53,44
1,54,44
1,55,44
1,56,44
1,57,44
1,58,44
1,59,44
1,60,44
1,61,44
1,62,44
1,63,44
1,64,44
1,65,44
1,66,44
1,67,44
1,68,44
1,69,44
1,78,44
1,79,44
1,80,44
1,83,44
1,84,44
1,85,44
1,87,44
1,88,44
1,89,44
1,98,44
1,99,44
1,100,44
1,101,44
1,102,44
1,103,44
1,110,44
1,111,44
1,112,44
1,113,44
1,121,44
1,122,44
1,123,44
1,134,44
1,135,44
1,136,44
1,137,44
1,138,44
1,139,44
1,142,44
1,143,44
1,146,44
1,148,44
1,149,44
1,150,44
1,155,44
1,156,44
1,157,44
1,159,44
1,160,44
1,161,44
1,162,44
1,168,44
1,169,44
1,171,44
1,175,44
1,176,44
1,177,44
1,178,44
1,179,44
1,180,44
1,181,44
1,182,44
1,183,44
1,184,44
1,48,45
1,49,45
1,50,45
1,51,45
1,52,45
1,53,45
1,54,45
1,55,45
1,56,45
1,57,45
1,58,45
1,59,45
1,60,45
1,61,45
1,62,45
1,63,45
1,64,45
1,65,45
1,66,45
1,67,45
1,68,45
1,69,45
1,78,45
1,79,45
1,80,45
1,83,45
1,84,45
1,85,45
1,87,45
1,88,45
1,89,45
1,98,45
1,99,45
1,100,45
1,101,45
1,102,45
1,103,45
1,110,45
1,111,45
1,112,45
1,113,45
1,121,45
1,122,45
1,123,45
1,134,45
1,135,45
1,136,45
1,137,45
1,138,45
1,139,45
1,142,45
1,143,45
1,146,45
1,148,45
1,149,45
1,150,45
1,155,45
1,156,45
1,157,45
1,159,45
1,160,45
1,161,45
1,162,45
1,168,45
1,169,45
1,171,45
1,175,45
1,176,45
1,177,45
1,178,45
1,179,45
1,180,45
1,181,45
1,182,45
1,183,45
1,184,45
1,48,46
1,49,46
1,50,46
1,51,46
1,52,46
1,53,46
1,54,46
1,55,46
1,56,46
1,57,46
1,58,46
1,59,46
1,60,46
1,61,46
1,62,46
1,63,46
1,64,46
1,65,46
1,66,46
1,67,46
1,68,46
1,69,46
1,78,46
1,79,46
1,80,46
1,83,46
1,84,46
1,85,46
1,87,46
1,88,46
1,89,46
1,98,46
1,99,46
1,100,46
1,101,46
1,102,46
1,103,46
1,110,46
1,111,46
1,112,46
1,113,46
1,121,46
1,122,46
1,123,46
1,134,46
1,135,46
1,136,46
1,137,46
1,138,46
1,139,46
1,142,46
1,143,46
1,146,46
1,148,46
1,149,46
1,150,46
1,155,46
1,156,46
1,157,46
1,159,46
1,160,46
1,161,46
1,162,46
1,168,46
1,169,46
1,171,46
1,175,46
1,176,46
1,177,46
1,178,46
1,179,46
1,180,46
1,181,46
1,182,46
1,183,46
1,184,46
1,48,47
1,49,47
1,50,47
1,51,47
1,52,47
1,53,47
1,54,47
1,55,47
1,56,47
1,57,47
1,58,47
1,59,47
1,60,47
1,61,47
1,62,47
1,63,47
1,64,47
1,65,47
1,66,47
1,67,47
1,68,47
1,69,47
1,78,47
1,79,47
1,80,47
1,83,47
1,84,47
1,85,47
1,87,47
1,88,47
1,89,47
1,98,47
1,99,47
1,100,47
1,101,47
1,102,47
1,103,47
1,110,47
1,111,47
1,112,47
1,113,47
1,121,47
1,122,47
1,123,47
1,134,47
1,135,47
1,136,47
1,137,47
1,138,47
1,139,47
1,142,47
1,143,47
1,146,47
1,148,47
1,149,47
1,150,47
1,155,47
1,156,47
1,157,47
1,159,47
1,160,47
1,161,47
1,162,47
1,168,47
1,169,47
1,171,47
1,175,47
1,176,47
1,177,47
1,178,47
1,179,47
1,180,47
1,181,47
1,182,47
1,183,47
1,184,47
1,48,70
1,48,71
1,48,72
1,48,73
1,48,74
1,48,75
1,48,76
1,48,77
1,48,81
1,48,82
1,48,86
1,48,90
1,48,91
1,48,92
1,48,93
1,48,94
1,48,95
1,48,96
1,48,97
1,48,104
1,48,105
1,48,106
1,48,107
1,48,108
1,48,109
1,48,114
1,48,115
1,48,116
1,48,117
1,48,118
1,48,119
1,48,120
1,48,124
1,48,125
1,48,126
1,48,127
1,48,128
1,48,129
1,48,130
1,48,131
1,48,132
1,48,133
1,48,140
1,48,141
1,48,144
1,48,145
1,48,147
1,48,151
1,48,152
1,48,153
1,48,154
1,48,158
1,48,163
1,48,164
1,48,165
1,48,166
1,48,167
1,48,170
1,48,172
1,48,173
1,48,174
1,49,70
1,49,71
1,49,72
1,49,73
1,49,74
1,49,75
1,49,76
1,49,77
1,49,81
1,49,82
1,49,86
1,49,90
1,49,91
1,49,92
1,49,93
1,49,94
1,49,95
1,49,96
1,49,97
1,49,104
1,49,105
1,49,106
1,49,107
1,49,108
1,49,109
1,49,114
1,49,115
1,49,116
1,49,117
1,49,118
1,49,119
1,49,120
1,49,124
1,49,125
1,49,126
1,49,127
1,49,128
1,49,129
1,49,130
1,49,131
1,49,132
1,49,133
1,49,140
1,49,141
1,49,144
1,49,145
1,49,147
1,49,151
1,49,152
1,49,153
1,49,154
1,49,158
1,49,163
1,49,164
1,49,165
1,49,166
1,49,167
1,49,170
1,49,172
1,49,173
1,49,174
1,50,70
1,50,71
1,50,72
1,50,73
1,50,74
1,50,75
1,50,76
1,50,77
1,50,81
1,50,82
1,50,86
1,50,90
1,50,91
1,50,92
1,50,93
1,50,94
1,50,95
1,50,96
1,50,97
1,50,104
1,50,105
1,50,106
1,50,107
1,50,108
1,50,109
1,50,114
1,50,115
1,50,116
1,50,117
1,50,118
1,50,119
1,50,120
1,50,124
1,50,125
1,50,126
1,50,127
1,50,128
1,50,129
1,50,130
1,50,131
1,50,132
1,50,133
1,50,140
1,50,141
1,50,144
1,50,145
1,50,147
1,50,151
1,50,152
1,50,153
1,50,154
1,50,158
1,50,163
1,50,164
1,50,165
1,50,166
1,50,167
1,50,170
1,50,172
1,50,173
1,50,174
1,51,70
1,51,71
1,51,72
1,51,73
1,51,74
1,51,75
1,51,76
1,51,77
1,51,81
1,51,82
1,51,86
1,51,90
1,51,91
1,51,92
1,51,93
1,51,94
1,51,95
1,51,96
1,51,97
1,51,104
1,51,105
1,51,106
1,51,107
1,51,108
1,51,109
1,51,114
1,51,115
1,51,116
1,51,117
1,51,118
1,51,119
1,51,120
1,51,124
1,51,125
1,51,126
1,51,127
1,51,128
1,51,129
1,51,130
1,51,131
1,51,132
1,51,133
1,51,140
1,51,141
1,51,144
1,51,145
1,51,147
1,51,151
1,51,152
1,51,153
1,51,154
1,51,158
1,51,163
1,51,164
1,51,165
1,51,166
1,51,167
1,51,170
1,51,172
1,51,173
1,51,174
1,52,70
1,52,71
1,52,72
1,52,73
1,52,74
1,52,75
1,52,76
1,52,77
1,52,81
1,52,82
1,52,86
1,52,90
1,52,91
1,52,92
1,52,93
1,52,94
1,52,95
1,52,96
1,52,97
1,52,104
1,52,105
1,52,106
1,52,107
1,52,108
1,52,109
1,52,114
1,52,115
1,52,116
1,52,117
1,52,118
1,52,119
1,52,120
1,52,124
1,52,125
1,52,126
1,52,127
1,52,128
1,52,129
1,52,130
1,52,131
1,52,132
1,52,133
1,52,140
1,52,141
1,52,144
1,52,145
1,52,147
1,52,151
1,52,152
1,52,153
1,52,154
1,52,158
1,52,163
1,52,164
1,52,165
1,52,166
1,52,167
1,52,170
1,52,172
1,52,173
1,52,174
1,53,70
1,53,71
1,53,72
1,53,73
1,53,74
1,53,75
1,53,76
1,53,77
1,53,81
1,53,82
1,53,86
1,53,90
1,53,91
1,53,92
1,53,93
1,53,94
1,53,95
1,53,96
1,53,97
1,53,104
1,53,105
1,53,106
1,53,107
1,53,108
1,53,109
1,53,114
1,53,115
1,53,116
1,53,117
1,53,118
1,53,119
1,53,120
1,53,124
1,53,125
1,53,126
1,53,127
1,53,128
1,53,129
1,53,130
1,53,131
1,53,132
1,53,133
1,53,140
1,53,141
1,53,144
1,53,145
1,53,147
1,53,151
1,53,152
1,53,153
1,53,154
1,53,158
1,53,163
1,53,164
1,53,165
1,53,166
1,53,167
1,53,170
1,53,172
1,53,173
1,53,174
1,54,70
1,54,71
1,54,72
1,54,73
1,54,74
1,54,75
1,54,76
1,54,77
1,54,81
1,54,82
1,54,86
1,54,90
1,54,91
1,54,92
1,54,93
1,54,94
1,54,95
1,54,96
1,54,97
1,54,104
1,54,105
1,54,106
1,54,107
1,54,108
1,54,109
1,54,114
1,54,115
1,54,116
1,54,117
1,54,118
1,54,119
1,54,120
1,54,124
1,54,125
1,54,126
1,54,127
1,54,128
1,54,129
1,54,130
1,54,131
1,54,132
1,54,133
1,54,140
1,54,141
1,54,144
1,54,145
1,54,147
1,54,151
1,54,152
1,54,153
1,54,154
1,54,158
1,54,163
1,54,164
1,54,165
1,54,166
1,54,167
1,54,170
1,54,172
1,54,173
1,54,174
1,55,70
1,55,71
1,55,72
1,55,73
1,55,74
1,55,75
1,55,76
1,55,77
1,55,81
1,55,82
1,55,86
1,55,90
1,55,91
1,55,92
1,55,93
1,55,94
1,55,95
1,55,96
1,55,97
1,55,104
1,55,105
1,55,106
1,55,107
1,55,108
1,55,109
1,55,114
1,55,115
1,55,116
1,55,117
1,55,118
1,55,119
1,55,120
1,55,124
1,55,125
1,55,126
1,55,127
1,55,128
1,55,129
1,55,130
1,55,131
1,55,132
1,55,133
1,55,140
1,55,141
1,55,144
1,55,145
1,55,147
1,55,151
1,55,152
1,55,153
1,55,154
1,55,158
1,55,163
1,55,164
1,55,165
1,55,166
1,55,167
1,55,170
1,55,172
1,55,173
1,55,174
1,56,70
1,56,71
1,56,72
1,56,73
1,56,74
1,56,75
1,56,76
1,56,77
1,56,81
1,56,82
1,56,86
1,56,90
1,56,91
1,56,92
1,56,93
1,56,94
1,56,95
1,56,96
1,56,97
1,56,104
1,56,105
1,56,106
1,56,107
1,56,108
1,56,109
1,56,114
1,56,115
1,56,116
1,56,117
1,56,118
1,56,119
1,56,120
1,56,124
1,56,125
1,56,126
1,56,127
1,56,128
1,56,129
1,56,130
1,56,131
1,56,132
1,56,133
1,56,140
1,56,141
1,56,144
1,56,145
1,56,147
1,56,151
1,56,152
1,56,153
1,56,154
1,56,158
1,56,163
1,56,164
1,56,165
1,56,166
1,56,167
1,56,170
1,56,172
1,56,173
1,56,174
1,57,70
1,57,71
1,57,72
1,57,73
1,57,74
1,57,75
1,57,76
1,57,77
1,57,81
1,57,82
1,57,86
1,57,90
1,57,91
1,57,92
1,57,93
1,57,94
1,57,95
1,57,96
1,57,97
1,57,104
1,57,105
1,57,106
1,57,107
1,57,108
1,57,109
1,57,114
1,57,115
1,57,116
1,57,117
1,57,118
1,57,119
1,57,120
1,57,124
1,57,125
1,57,126
1,57,127
1,57,128
1,57,129
1,57,130
1,57,131
1,57,132
1,57,133
1,57,140
1,57,141
1,57,144
1,57,145
1,57,147
1,57,151
1,57,152
1,57,153
1,57,154
1,57,158
1,57,163
1,57,164
1,57,165
1,57,166
1,57,167
1,57,170
1,57,172
1,57,173
1,57,174
1,58,70
1,58,71
1,58,72
1,58,73
1,58,74
1,58,75
1,58,76
1,58,77
1,58,81
1,58,82
1,58,86
1,58,90
1,58,91
1,58,92
1,58,93
1,58,94
1,58,95
1,58,96
1,58,97
1,58,104
1,58,105
1,58,106
1,58,107
1,58,108
1,58,109
1,58,114
1,58,115
1,58,116
1,58,117
1,58,118
1,58,119
1,58,120
1,58,124
1,58,125
1,58,126
1,58,127
1,58,128
1,58,129
1,58,130
1,58,131
1,58,132
1,58,133
1,58,140
1,58,141
1,58,144
1,58,145
1,58,147
1,58,151
1,58,152
1,58,153
1,58,154
1,58,158
1,58,163
1,58,164
1,58,165
1,58,166
1,58,167
1,58,170
1,58,172
1,58,173
1,58,174
1,59,70
1,59,71
1,59,72
1,59,73
1,59,74
1,59,75
1,59,76
1,59,77
1,59,81
1,59,82
1,59,86
1,59,90
1,59,91
1,59,92
1,59,93
1,59,94
1,59,95
1,59,96
1,59,97
1,59,104
1,59,105
1,59,106
1,59,107
1,59,108
1,59,109
1,59,114
1,59,115
1,59,116
1,59,117
1,59,118
1,59,119
1,59,120
1,59,124
1,59,125
1,59,126
1,59,127
1,59,128
1,59,129
1,59,130
1,59,131
1,59,132
1,59,133
1,59,140
1,59,141
1,59,144
1,59,145
1,59,147
1,59,151
1,59,152
1,59,153
1,59,154
1,59,158
1,59,163
1,59,164
1,59,165
1,59,166
1,59,167
1,59,170
1,59,172
1,59,173
1,59,174
1,60,70
1,60,71
1,60,72
1,60,73
1,60,74
1,60,75
1,60,76
1,60,77
1,60,81
1,60,82
1,60,86
1,60,90
1,60,91
1,60,92
1,60,93
1,60,94
1,60,95
1,60,96
1,60,97
1,60,104
1,60,105
1,60,106
1,60,107
1,60,108
1,60,109
1,60,114
1,60,115
1,60,116
1,60,117
1,60,118
1,60,119
1,60,120
1,60,124
1,60,125
1,60,126
1,60,127
1,60,128
1,60,129
1,60,130
1,60,131
1,60,132
1,60,133
1,60,140
1,60,141
1,60,144
1,60,145
1,60,147
1,60,151
1,60,152
1,60,153
1,60,154
1,60,158
1,60,163
1,60,164
1,60,165
1,60,166
1,60,167
1,60,170
1,60,172
1,60,173
1,60,174
1,61,70
1,61,71
1,61,72
1,61,73
1,61,74
1,61,75
1,61,76
1,61,77
1,61,81
1,61,82
1,61,86
1,61,90
1,61,91
1,61,92
1,61,93
1,61,94
1,61,95
1,61,96
1,61,97
1,61,104
1,61,105
1,61,106
1,61,107
1,61,108
1,61,109
1,61,114
1,61,115
1,61,116
1,61,117
1,61,118
1,61,119
1,61,120
1,61,124
1,61,125
1,61,126
1,61,127
1,61,128
1,61,129
1,61,130
1,61,131
1,61,132
1,61,133
1,61,140
1,61,141
1,61,144
1,61,145
1,61,147
1,61,151
1,61,152
1,61,153
1,61,154
1,61,158
1,61,163
1,61,164
1,61,165
1,61,166
1,61,167
1,61,170
1,61,172
1,61,173
1,61,174
1,62,70
1,62,71
1,62,72
1,62,73
1,62,74
1,62,75
1,62,76
1,62,77
1,62,81
1,62,82
1,62,86
1,62,90
1,62,91
1,62,92
1,62,93
1,62,94
1,62,95
1,62,96
1,62,97
1,62,104
1,62,105
1,62,106
1,62,107
1,62,108
1,62,109
1,62,114
1,62,115
1,62,116
1,62,117
1,62,118
1,62,119
1,62,120
1,62,124
1,62,125
1,62,126
1,62,127
1,62,128
1,62,129
1,62,130
1,62,131
1,62,132
1,62,133
1,62,140
1,62,141
1,62,144
1,62,145
1,62,147
1,62,151
1,62,152
1,62,153
1,62,154
1,62,158
1,62,163
1,62,164
1,62,165
1,62,166
1,62,167
1,62,170
1,62,172
1,62,173
1,62,174
1,63,70
1,63,71
1,63,72
1,63,73
1,63,74
1,63,75
1,63,76
1,63,77
1,63,81
1,63,82
1,63,86
1,63,90
1,63,91
1,63,92
1,63,93
1,63,94
1,63,95
1,63,96
1,63,97
1,63,104
1,63,105
1,63,106
1,63,107
1,63,108
1,63,109
1,63,114
1,63,115
1,63,116
1,63,117
1,63,118
1,63,119
1,63,120
1,63,124
1,63,125
1,63,126
1,63,127
1,63,128
1,63,129
1,63,130
1,63,131
1,63,132
1,63,133
1,63,140
1,63,141
1,63,144
1,63,145
1,63,147
1,63,151
1,63,152
1,63,153
1,63,154
1,63,158
1,63,163
1,63,164
1,63,165
1,63,166
1,63,167
1,63,170
1,63,172
1,63,173
1,63,174
1,64,70
1,64,71
1,64,72
1,64,73
1,64,74
1,64,75
1,64,76
1,64,77
1,64,81
1,64,82
1,64,86
1,64,90
1,64,91
1,64,92
1,64,93
1,64,94
1,64,95
1,64,96
1,64,97
1,64,104
1,64,105
1,64,106
1,64,107
1,64,108
1,64,109
1,64,114
1,64,115
1,64,116
1,64,117
1,64,118
1,64,119
1,64,120
1,64,124
1,64,125
1,64,126
1,64,127
1,64,128
1,64,129
1,64,130
1,64,131
1,64,132
1,64,133
1,64,140
1,64,141
1,64,144
1,64,145
1,64,147
1,64,151
1,64,152
1,64,153
1,64,154
1,64,158
1,64,163
1,64,164
1,64,165
1,64,166
1,64,167
1,64,170
1,64,172
1,64,173
1,64,174
1,65,70
1,65,71
1,65,72
1,65,73
1,65,74
1,65,75
1,65,76
1,65,77
1,65,81
1,65,82
1,65,86
1,65,90
1,65,91
1,65,92
1,65,93
1,65,94
1,65,95
1,65,96
1,65,97
1,65,104
1,65,105
1,65,106
1,65,107
1,65,108
1,65,109
1,65,114
1,65,115
1,65,116
1,65,117
1,65,118
1,65,119
1,65,120
1,65,124
1,65,125
1,65,126
1,65,127
1,65,128
1,65,129
1,65,130
1,65,131
1,65,132
1,65,133
1,65,140
1,65,141
1,65,144
1,65,145
1,65,147
1,65,151
1,65,152
1,65,153
1,65,154
1,65,158
1,65,163
1,65,164
1,65,165
1,65,166
1,65,167
1,65,170
1,65,172
1,65,173
1,65,174
1,66,70
1,66,71
1,66,72
1,66,73
1,66,74
1,66,75
1,66,76
1,66,77
1,66,81
1,66,82
1,66,86
1,66,90
1,66,91
1,66,92
1,66,93
1,66,94
1,66,95
1,66,96
1,66,97
1,66,104
1,66,105
1,66,106
1,66,107
1,66,108
1,66,109
1,66,114
1,66,115
1,66,116
1,66,117
1,66,118
1,66,119
1,66,120
1,66,124
1,66,125
1,66,126
1,66,127
1,66,128
1,66,129
1,66,130
1,66,131
1,66,132
1,66,133
1,66,140
1,66,141
1,66,144
1,66,145
1,66,147
1,66,151
1,66,152
1,66,153
1,66,154
1,66,158
1,66,163
1,66,164
1,66,165
1,66,166
1,66,167
1,66,170
1,66,172
1,66,173
1,66,174
1,67,70
1,67,71
1,67,72
1,67,73
1,67,74
1,67,75
1,67,76
1,67,77
1,67,81
1,67,82
1,67,86
1,67,90
1,67,91
1,67,92
1,67,93
1,67,94
1,67,95
1,67,96
1,67,97
1,67,104
1,67,105
1,67,106
1,67,107
1,67,108
1,67,109
1,67,114
1,67,115
1,67,116
1,67,117
1,67,118
1,67,119
1,67,120
1,67,124
1,67,125
1,67,126
1,67,127
1,67,128
1,67,129
1,67,130
1,67,131
1,67,132
1,67,133
1,67,140
1,67,141
1,67,144
1,67,145
1,67,147
1,67,151
1,67,152
1,67,153
1,67,154
1,67,158
1,67,163
1,67,164
1,67,165
1,67,166
1,67,167
1,67,170
1,67,172
1,67,173
1,67,174
1,68,70
1,68,71
1,68,72
1,68,73
1,68,74
1,68,75
1,68,76
1,68,77
1,68,81
1,68,82
1,68,86
1,68,90
1,68,91
1,68,92
1,68,93
1,68,94
1,68,95
1,68,96
1,68,97
1,68,104
1,68,105
1,68,106
1,68,107
1,68,108
1,68,109
1,68,114
1,68,115
1,68,116
1,68,117
1,68,118
1,68,119
1,68,120
1,68,124
1,68,125
1,68,126
1,68,127
1,68,128
1,68,129
1,68,130
1,68,131
1,68,132
1,68,133
1,68,140
1,68,141
1,68,144
1,68,145
1,68,147
1,68,151
1,68,152
1,68,153
1,68,154
1,68,158
1,68,163
1,68,164
1,68,165
1,68,166
1,68,167
1,68,170
1,68,172
1,68,173
1,68,174
1,69,70
1,69,71
1,69,72
1,69,73
1,69,74
1,69,75
1,69,76
1,69,77
1,69,81
1,69,82
1,69,86
1,69,90
1,69,91
1,69,92
1,69,93
1,69,94
1,69,95
1,69,96
1,69,97
1,69,104
1,69,105
1,69,106
1,69,107
1,69,108
1,69,109
1,69,114
1,69,115
1,69,116
1,69,117
1,69,118
1,69,119
1,69,120
1,69,124
1,69,125
1,69,126
1,69,127
1,69,128
1,69,129
1,69,130
1,69,131
1,69,132
1,69,133
1,69,140
1,69,141
1,69,144
1,69,145
1,69,147
1,69,151
1,69,152
1,69,153
1,69,154
1,69,158
1,69,163
1,69,164
1,69,165
1,69,166
1,69,167
1,69,170
1,69,172
1,69,173
1,69,174
1,78,70
1,79,70
1,80,70
1,83,70
1,84,70
1,85,70
1,87,70
1,88,70
1,89,70
1,98,70
1,99,70
1,100,70
1,101,70
1,102,70
1,103,70
1,110,70
1,111,70
1,112,70
1,113,70
1,121,70
1,122,70
1,123,70
1,134,70
1,135,70
1,136,70
1,137,70
1,138,70
1,139,70
1,142,70
1,143,70
1,146,70
1,148,70
1,149,70
1,150,70
1,155,70
1,156,70
1,157,70
1,159,70
1,160,70
1,161,70
1,162,70
1,168,70
1,169,70
1,171,70
1,175,70
1,176,70
1,177,70
1,178,70
1,179,70
1,180,70
1,181,70
1,182,70
1,183,70
1,184,70
1,78,71
1,79,71
1,80,71
1,83,71
1,84,71
1,85,71
1,87,71
1,88,71
1,89,71
1,98,71
1,99,71
1,100,71
1,101,71
1,102,71
1,103,71
1,110,71
1,111,71
1,112,71
1,113,71
1,121,71
1,122,71
1,123,71
1,134,71
1,135,71
1,136,71
1,137,71
1,138,71
1,139,71
1,142,71
1,143,71
1,146,71
1,148,71
1,149,71
1,150,71
1,155,71
1,156,71
1,157,71
1,159,71
1,160,71
1,161,71
1,162,71
1,168,71
1,169,71
1,171,71
1,175,71
1,176,71
1,177,71
1,178,71
1,179,71
1,180,71
1,181,71
1,182,71
1,183,71
1,184,71
1,78,72
1,79,72
1,80,72
1,83,72
1,84,72
1,85,72
1,87,72
1,88,72
1,89,72
1,98,72
1,99,72
1,100,72
1,101,72
1,102,72
1,103,72
1,110,72
1,111,72
1,112,72
1,113,72
1,121,72
1,122,72
1,123,72
1,134,72
1,135,72
1,136,72
1,137,72
1,138,72
1,139,72
1,142,72
1,143,72
1,146,72
1,148,72
1,149,72
1,150,72
1,155,72
1,156,72
1,157,72
1,159,72
1,160,72
1,161,72
1,162,72
1,168,72
1,169,72
1,171,72
1,175,72
1,176,72
1,177,72
1,178,72
1,179,72
1,180,72
1,181,72
1,182,72
1,183,72
1,184,72
1,78,73
1,79,73
1,80,73
1,83,73
1,84,73
1,85,73
1,87,73
1,88,73
1,89,73
1,98,73
1,99,73
1,100,73
1,101,73
1,102,73
1,103,73
1,110,73
1,111,73
1,112,73
1,113,73
1,121,73
1,122,73
1,123,73
1,134,73
1,135,73
1,136,73
1,137,73
1,138,73
1,139,73
1,142,73
1,143,73
1,146,73
1,148,73
1,149,73
1,150,73
1,155,73
1,156,73
1,157,73
1,159,73
1,160,73
1,161,73
1,162,73
1,168,73
1,169,73
1,171,73
1,175,73
1,176,73
1,177,73
1,178,73
1,179,73
1,180,73
1,181,73
1,182,73
1,183,73
1,184,73
1,78,74
1,79,74
1,80,74
1,83,74
1,84,74
1,85,74
1,87,74
1,88,74
1,89,74
1,98,74
1,99,74
1,100,74
1,101,74
1,102,74
1,103,74
1,110,74
1,111,74
1,112,74
1,113,74
1,121,74
1,122,74
1,123,74
1,134,74
1,135,74
1,136,74
1,137,74
1,138,74
1,139,74
1,142,74
1,143,74
1,146,74
1,148,74
1,149,74
1,150,74
1,155,74
1,156,74
1,157,74
1,159,74
1,160,74
1,161,74
1,162,74
1,168,74
1,169,74
1,171,74
1,175,74
1,176,74
1,177,74
1,178,74
1,179,74
1,180,74
1,181,74
1,182,74
1,183,74
1,184,74
1,78,75
1,79,75
1,80,75
1,83,75
1,84,75
1,85,75
1,87,75
1,88,75
1,89,75
1,98,75
1,99,75
1,100,75
1,101,75
1,102,75
1,103,75
1,110,75
1,111,75
1,112,75
1,113,75
1,121,75
1,122,75
1,123,75
1,134,75
1,135,75
1,136,75
1,137,75
1,138,75
1,139,75
1,142,75
1,143,75
1,146,75
1,148,75
1,149,75
1,150,75
1,155,75
1,156,75
1,157,75
1,159,75
1,160,75
1,161,75
1,162,75
1,168,75
1,169,75
1,171,75
1,175,75
1,176,75
1,177,75
1,178,75
1,179,75
1,180,75
1,181,75
1,182,75
1,183,75
1,184,75
1,78,76
1,79,76
1,80,76
1,83,76
1,84,76
1,85,76
1,87,76
1,88,76
1,89,76
1,98,76
1,99,76
1,100,76
1,101,76
1,102,76
1,103,76
1,110,76
1,111,76
1,112,76
1,113,76
1,121,76
1,122,76
1,123,76
1,134,76
1,135,76
1,136,76
1,137,76
1,138,76
1,139,76
1,142,76
1,143,76
1,146,76
1,148,76
1,149,76
1,150,76
1,155,76
1,156,76
1,157,76
1,159,76
1,160,76
1,161,76
1,162,76
1,168,76
1,169,76
1,171,76
1,175,76
1,176,76
1,177,76
1,178,76
1,179,76
1,180,76
1,181,76
1,182,76
1,183,76
1,184,76
1,78,77
1,79,77
1,80,77
1,83,77
1,84,77
1,85,77
1,87,77
1,88,77
1,89,77
1,98,77
1,99,77
1,100,77
1,101,77
1,102,77
1,103,77
1,110,77
1,111,77
1,112,77
1,113,77
1,121,77
1,122,77
1,123,77
1,134,77
1,135,77
1,136,77
1,137,77
1,138,77
1,139,77
1,142,77
1,143,77
1,146,77
1,148,77
1,149,77
1,150,77
1,155,77
1,156,77
1,157,77
1,159,77
1,160,77
1,161,77
1,162,77
1,168,77
1,169,77
1,171,77
1,175,77
1,176,77
1,177,77
1,178,77
1,179,77
1,180,77
1,181,77
1,182,77
1,183,77
1,184,77
1,78,81
1,78,82
1,78,86
1,78,90
1,78,91
1,78,92
1,78,93
1,78,94
1,78,95
1,78,96
1,78,97
1,78,104
1,78,105
1,78,106
1,78,107
1,78,108
1,78,109
1,78,114
1,78,115
1,78,116
1,78,117
1,78,118
1,78,119
1,78,120
1,78,124
1,78,125
1,78,126
1,78,127
1,78,128
1,78,129
1,78,130
1,78,131
1,78,132
1,78,133
1,78,140
1,78,141
1,78,144
1,78,145
1,78,147
1,78,151
1,78,152
1,78,153
1,78,154
1,78,158
1,78,163
1,78,164
1,78,165
1,78,166
1,78,167
1,78,170
1,78,172
1,78,173
1,78,174
1,79,81
1,79,82
1,79,86
1,79,90
1,79,91
1,79,92
1,79,93
1,79,94
1,79,95
1,79,96
1,79,97
1,79,104
1,79,105
1,79,106
1,79,107
1,79,108
1,79,109
1,79,114
1,79,115
1,79,116
1,79,117
1,79,118
1,79,119
1,79,120
1,79,124
1,79,125
1,79,126
1,79,127
1,79,128
1,79,129
1,79,130
1,79,131
1,79,132
1,79,133
1,79,140
1,79,141
1,79,144
1,79,145
1,79,147
1,79,151
1,79,152
1,79,153
1,79,154
1,79,158
1,79,163
1,79,164
1,79,165
1,79,166
1,79,167
1,79,170
1,79,172
1,79,173
1,79,174
1,80,81
1,80,82
1,80,86
1,80,90
1,80,91
1,80,92
1,80,93
1,80,94
1,80,95
1,80,96
1,80,97
1,80,104
1,80,105
1,80,106
1,80,107
1,80,108
1,80,109
1,80,114
1,80,115
1,80,116
1,80,117
1,80,118
1,80,119
1,80,120
1,80,124
1,80,125
1,80,126
1,80,127
1,80,128
1,80,129
1,80,130
1,80,131
1,80,132
1,80,133
1,80,140
1,80,141
1,80,144
1,80,145
1,80,147
1,80,151
1,80,152
1,80,153
1,80,154
1,80,158
1,80,163
1,80,164
1,80,165
1,80,166
1,80,167
1,80,170
1,80,172
1,80,173
1,80,174
1,83,81
1,84,81
1,85,81
1,87,81
1,88,81
1,89,81
1,98,81
1,99,81
1,100,81
1,101,81
1,102,81
1,103,81
1,110,81
1,111,81
1,112,81
1,113,81
1,121,81
1,122,81
1,123,81
1,134,81
1,135,81
1,136,81
1,137,81
1,138,81
1,139,81
1,142,81
1,143,81
1,146,81
1,148,81
1,149,81
1,150,81
1,155,81
1,156,81
1,157,81
1,159,81
1,160,81
1,161,81
1,162,81
1,168,81
1,169,81
1,171,81
1,175,81
1,176,81
1,177,81
1,178,81
1,179,81
1,180,81
1,181,81
1,182,81
1,183,81
1,184,81
1,83,82
1,84,82
1,85,82
1,87,82
1,88,82
1,89,82
1,98,82
1,99,82
1,100,82
1,101,82
1,102,82
1,103,82
1,110,82
1,111,82
1,112,82
1,113,82
1,121,82
1,122,82
1,123,82
1,134,82
1,135,82
1,136,82
1,137,82
1,138,82
1,139,82
1,142,82
1,143,82
1,146,82
1,148,82
1,149,82
1,150,82
1,155,82
1,156,82
1,157,82
1,159,82
1,160,82
1,161,82
1,162,82
1,168,82
1,169,82
1,171,82
1,175,82
1,176,82
1,177,82
1,178,82
1,179,82
1,180,82
1,181,82
1,182,82
1,183,82
1,184,82
1,83,86
1,83,90
1,83,91
1,83,92
1,83,93
1,83,94
1,83,95
1,83,96
1,83,97
1,83,104
1,83,105
1,83,106
1,83,107
1,83,108
1,83,109
1,83,114
1,83,115
1,83,116
1,83,117
1,83,118
1,83,119
1,83,120
1,83,124
1,83,125
1,83,126
1,83,127
1,83,128
1,83,129
1,83,130
1,83,131
1,83,132
1,83,133
1,83,140
1,83,141
1,83,144
1,83,145
1,83,147
1,83,151
1,83,152
1,83,153
1,83,154
1,83,158
1,83,163
1,83,164
1,83,165
1,83,166
1,83,167
1,83,170
1,83,172
1,83,173
1,83,174
1,84,86
1,84,90
1,84,91
1,84,92
1,84,93
1,84,94
1,84,95
1,84,96
1,84,97
1,84,104
1,84,105
1,84,106
1,84,107
1,84,108
1,84,109
1,84,114
1,84,115
1,84,116
1,84,117
1,84,118
1,84,119
1,84,120
1,84,124
1,84,125
1,84,126
1,84,127
1,84,128
1,84,129
1,84,130
1,84,131
1,84,132
1,84,133
1,84,140
1,84,141
1,84,144
1,84,145
1,84,147
1,84,151
1,84,152
1,84,153
1,84,154
1,84,158
1,84,163
1,84,164
1,84,165
1,84,166
1,84,167
1,84,170
1,84,172
1,84,173
1,84,174
1,85,86
1,85,90
1,85,91
1,85,92
1,85,93
1,85,94
1,85,95
1,85,96
1,85,97
1,85,104
1,85,105
1,85,106
1,85,107
1,85,108
1,85,109
1,85,114
1,85,115
1,85,116
1,85,117
1,85,118
1,85,119
1,85,120
1,85,124
1,85,125
1,85,126
1,85,127
1,85,128
1,85,129
1,85,130
1,85,131
1,85,132
1,85,133
1,85,140
1,85,141
1,85,144
1,85,145
1,85,147
1,85,151
1,85,152
1,85,153
1,85,154
1,85,158
1,85,163
1,85,164
1,85,165
1,85,166
1,85,167
1,85,170
1,85,172
1,85,173
1,85,174
1,87,86
1,88,86
1,89,86
1,98,86
1,99,86
1,100,86
1,101,86
1,102,86
1,103,86
1,110,86
1,111,86
1,112,86
1,113,86
1,121,86
1,122,86
1,123,86
1,134,86
1,135,86
1,136,86
1,137,86
1,138,86
1,139,86
1,142,86
1,143,86
1,146,86
1,148,86
1,149,86
1,150,86
1,155,86
1,156,86
1,157,86
1,159,86
1,160,86
1,161,86
1,162,86
1,168,86
1,169,86
1,171,86
1,175,86
1,176,86
1,177,86
1,178,86
1,179,86
1,180,86
1,181,86
1,182,86
1,183,86
1,184,86
1,87,90
1,87,91
1,87,92
1,87,93
1,87,94
1,87,95
1,87,96
1,87,97
1,87,104
1,87,105
1,87,106
1,87,107
1,87,108
1,87,109
1,87,114
1,87,115
1,87,116
1,87,117
1,87,118
1,87,119
1,87,120
1,87,124
1,87,125
1,87,126
1,87,127
1,87,128
1,87,129
1,87,130
1,87,131
1,87,132
1,87,133
1,87,140
1,87,141
1,87,144
1,87,145
1,87,147
1,87,151
1,87,152
1,87,153
1,87,154
1,87,158
1,87,163
1,87,164
1,87,165
1,87,166
1,87,167
1,87,170
1,87,172
1,87,173
1,87,174
1,88,90
1,88,91
1,88,92
1,88,93
1,88,94
1,88,95
1,88,96
1,88,97
1,88,104
1,88,105
1,88,106
1,88,107
1,88,108
1,88,109
1,88,114
1,88,115
1,88,116
1,88,117
1,88,118
1,88,119
1,88,120
1,88,124
1,88,125
1,88,126
1,88,127
1,88,128
1,88,129
1,88,130
1,88,131
1,88,132
1,88,133
1,88,140
1,88,141
1,88,144
1,88,145
1,88,147
1,88,151
1,88,152
1,88,153
1,88,154
1,88,158
1,88,163
1,88,164
1,88,165
1,88,166
1,88,167
1,88,170
1,88,172
1,88,173
1,88,174
1,89,90
1,89,91
1,89,92
1,89,93
1,89,94
1,89,95
1,89,96
1,89,97
1,89,104
1,89,105
1,89,106
1,89,107
1,89,108
1,89,109
1,89,114
1,89,115
1,89,116
1,89,117
1,89,118
1,89,119
1,89,120
1,89,124
1,89,125
1,89,126
1,89,127
1,89,128
1,89,129
1,89,130
1,89,131
1,89,132
1,89,133
1,89,140
1,89,141
1,89,144
1,89,145
1,89,147
1,89,151
1,89,152
1,89,153
1,89,154
1,89,158
1,89,163
1,89,164
1,89,165
1,89,166
1,89,167
1,89,170
1,89,172
1,89,173
1,89,174
1,98,90
1,99,90
1,100,90
1,101,90
1,102,90
1,103,90
1,110,90
1,111,90
1,112,90
1,113,90
1,121,90
1,122,90
1,123,90
1,134,90
1,135,90
1,136,90
1,137,90
1,138,90
1,139,90
1,142,90
1,143,90
1,146,90
1,148,90
1,149,90
1,150,90
1,155,90
1,156,90
1,157,90
1,159,90
1,160,90
1,161,90
1,162,90
1,168,90
1,169,90
1,171,90
1,175,90
1,176,90
1,177,90
1,178,90
1,179,90
1,180,90
1,181,90
1,182,90
1,183,90
1,184,90
1,98,91
1,99,91
1,100,91
1,101,91
1,102,91
1,103,91
1,110,91
1,111,91
1,112,91
1,113,91
1,121,91
1,122,91
1,123,91
1,134,91
1,135,91
1,136,91
1,137,91
1,138,91
1,139,91
1,142,91
1,143,91
1,146,91
1,148,91
1,149,91
1,150,91
1,155,91
1,156,91
1,157,91
1,159,91
1,160,91
1,161,91
1,162,91
1,168,91
1,169,91
1,171,91
1,175,91
1,176,91
1,177,91
1,178,91
1,179,91
1,180,91
1,181,91
1,182,91
1,183,91
1,184,91
1,98,92
1,99,92
1,100,92
1,101,92
1,102,92
1,103,92
1,110,92
1,111,92
1,112,92
1,113,92
1,121,92
1,122,92
1,123,92
1,134,92
1,135,92
1,136,92
1,137,92
1,138,92
1,139,92
1,142,92
1,143,92
1,146,92
1,148,92
1,149,92
1,150,92
1,155,92
1,156,92
1,157,92
1,159,92
1,160,92
1,161,92
1,162,92
1,168,92
1,169,92
1,171,92
1,175,92
1,176,92
1,177,92
1,178,92
1,179,92
1,180,92
1,181,92
1,182,92
1,183,92
1,184,92
1,98,93
1,99,93
1,100,93
1,101,93
1,102,93
1,103,93
1,110,93
1,111,93
1,112,93
1,113,93
1,121,93
1,122,93
1,123,93
1,134,93
1,135,93
1,136,93
1,137,93
1,138,93
1,139,93
1,142,93
1,143,93
1,146,93
1,148,93
1,149,93
1,150,93
1,155,93
1,156,93
1,157,93
1,159,93
1,160,93
1,161,93
1,162,93
1,168,93
1,169,93
1,171,93
1,175,93
1,176,93
1,177,93
1,178,93
1,179,93
1,180,93
1,181,93
1,182,93
1,183,93
1,184,93
1,98,94
1,99,94
1,100,94
1,101,94
1,102,94
1,103,94
1,110,94
1,111,94
1,112,94
1,113,94
1,121,94
1,122,94
1,123,94
1,134,94
1,135,94
1,136,94
1,137,94
1,138,94
1,139,94
1,142,94
1,143,94
1,146,94
1,148,94
1,149,94
1,150,94
1,155,94
1,156,94
1,157,94
1,159,94
1,160,94
1,161,94
1,162,94
1,168,94
1,169,94
1,171,94
1,175,94
1,176,94
1,177,94
1,178,94
1,179,94
1,180,94
1,181,94
1,182,94
1,183,94
1,184,94
1,98,95
1,99,95
1,100,95
1,101,95
1,102,95
1,103,95
1,110,95
1,111,95
1,112,95
1,113,95
1,121,95
1,122,95
1,123,95
1,134,95
1,135,95
1,136,95
1,137,95
1,138,95
1,139,95
1,142,95
1,143,95
1,146,95
1,148,95
1,149,95
1,150,95
1,155,95
1,156,95
1,157,95
1,159,95
1,160,95
1,161,95
1,162,95
1,168,95
1,169,95
1,171,95
1,175,95
1,176,95
1,177,95
1,178,95
1,179,95
1,180,95
1,181,95
1,182,95
1,183,95
1,184,95
1,98,96
1,99,96
1,100,96
1,101,96
1,102,96
1,103,96
1,110,96
1,111,96
1,112,96
1,113,96
1,121,96
1,122,96
1,123,96
1,134,96
1,135,96
1,136,96
1,137,96
1,138,96
1,139,96
1,142,96
1,143,96
1,146,96
1,148,96
1,149,96
1,150,96
1,155,96
1,156,96
1,157,96
1,159,96
1,160,96
1,161,96
1,162,96
1,168,96
1,169,96
1,171,96
1,175,96
1,176,96
1,177,96
1,178,96
1,179,96
1,180,96
1,181,96
1,182,96
1,183,96
1,184,96
1,98,97
1,99,97
1,100,97
1,101,97
1,102,97
1,103,97
1,110,97
1,111,97
1,112,97
1,113,97
1,121,97
1,122,97
1,123,97
1,134,97
1,135,97
1,136,97
1,137,97
1,138,97
1,139,97
1,142,97
1,143,97
1,146,97
1,148,97
1,149,97
1,150,97
1,155,97
1,156,97
1,157,97
1,159,97
1,160,97
1,161,97
1,162,97
1,168,97
1,169,97
1,171,97
1,175,97
1,176,97
1,177,97
1,178,97
1,179,97
1,180,97
1,181,97
1,182,97
1,183,97
1,184,97
1,98,104
1,98,105
1,98,106
1,98,107
1,98,108
1,98,109
1,98,114
1,98,115
1,98,116
1,98,117
1,98,118
1,98,119
1,98,120
1,98,124
1,98,125
1,98,126
1,98,127
1,98,128
1,98,129
1,98,130
1,98,131
1,98,132
1,98,133
1,98,140
1,98,141
1,98,144
1,98,145
1,98,147
1,98,151
1,98,152
1,98,153
1,98,154
1,98,158
1,98,163
1,98,164
1,98,165
1,98,166
1,98,167
1,98,170
1,98,172
1,98,173
1,98,174
1,99,104
1,99,105
1,99,106
1,99,107
1,99,108
1,99,109
1,99,114
1,99,115
1,99,116
1,99,117
1,99,118
1,99,119
1,99,120
1,99,124
1,99,125
1,99,126
1,99,127
1,99,128
1,99,129
1,99,130
1,99,131
1,99,132
1,99,133
1,99,140
1,99,141
1,99,144
1,99,145
1,99,147
1,99,151
1,99,152
1,99,153
1,99,154
1,99,158
1,99,163
1,99,164
1,99,165
1,99,166
1,99,167
1,99,170
1,99,172
1,99,173
1,99,174
1,100,104
1,100,105
1,100,106
1,100,107
1,100,108
1,100,109
1,100,114
1,100,115
1,100,116
1,100,117
1,100,118
1,100,119
1,100,120
1,100,124
1,100,125
1,100,126
1,100,127
1,100,128
1,100,129
1,100,130
1,100,131
1,100,132
1,100,133
1,100,140
1,100,141
1,100,144
1,100,145
1,100,147
1,100,151
1,100,152
1,100,153
1,100,154
1,100,158
1,100,163
1,100,164
1,100,165
1,100,166
1,100,167
1,100,170
1,100,172
1,100,173
1,100,174
1,101,104
1,101,105
1,101,106
1,101,107
1,101,108
1,101,109
1,101,114
1,101,115
1,101,116
1,101,117
1,101,118
1,101,119
1,101,120
1,101,124
1,101,125
1,101,126
1,101,127
1,101,128
1,101,129
1,101,130
1,101,131
1,101,132
1,101,133
1,101,140
1,101,141
1,101,144
1,101,145
1,101,147
1,101,151
1,101,152
1,101,153
1,101,154
1,101,158
1,101,163
1,101,164
1,101,165
1,101,166
1,101,167
1,101,170
1,101,172
1,101,173
1,101,174
1,102,104
1,102,105
1,102,106
1,102,107
1,102,108
1,102,109
1,102,114
1,102,115
1,102,116
1,102,117
1,102,118
1,102,119
1,102,120
1,102,124
1,102,125
1,102,126
1,102,127
1,102,128
1,102,129
1,102,130
1,102,131
1,102,132
1,102,133
1,102,140
1,102,141
1,102,144
1,102,145
1,102,147
1,102,151
1,102,152
1,102,153
1,102,154
1,102,158
1,102,163
1,102,164
1,102,165
1,102,166
1,102,167
1,102,170
1,102,172
1,102,173
1,102,174
1,103,104
1,103,105
1,103,106
1,103,107
1,103,108
1,103,109
1,103,114
1,103,115
1,103,116
1,103,117
1,103,118
1,103,119
1,103,120
1,103,124
1,103,125
1,103,126
1,103,127
1,103,128
1,103,129
1,103,130
1,103,131
1,103,132
1,103,133
1,103,140
1,103,141
1,103,144
1,103,145
1,103,147
1,103,151
1,103,152
1,103,153
1,103,154
1,103,158
1,103,163
1,103,164
1,103,165
1,103,166
1,103,167
1,103,170
1,103,172
1,103,173
1,103,174
1,110,104
1,111,104
1,112,104
1,113,104
1,121,104
1,122,104
1,123,104
1,134,104
1,135,104
1,136,104
1,137,104
1,138,104
1,139,104
1,142,104
1,143,104
1,146,104
1,148,104
1,149,104
1,150,104
1,155,104
1,156,104
1,157,104
1,159,104
1,160,104
1,161,104
1,162,104
1,168,104
1,169,104
1,171,104
1,175,104
1,176,104
1,177,104
1,178,104
1,179,104
1,180,104
1,181,104
1,182,104
1,183,104
1,184,104
1,110,105
1,111,105
1,112,105
1,113,105
1,121,105
1,122,105
1,123,105
1,134,105
1,135,105
1,136,105
1,137,105
1,138,105
1,139,105
1,142,105
1,143,105
1,146,105
1,148,105
1,149,105
1,150,105
1,155,105
1,156,105
1,157,105
1,159,105
1,160,105
1,161,105
1,162,105
1,168,105
1,169,105
1,171,105
1,175,105
1,176,105
1,177,105
1,178,105
1,179,105
1,180,105
1,181,105
1,182,105
1,183,105
1,184,105
1,110,106
1,111,106
1,112,106
1,113,106
1,121,106
1,122,106
1,123,106
1,134,106
1,135,106
1,136,106
1,137,106
1,138,106
1,139,106
1,142,106
1,143,106
1,146,106
1,148,106
1,149,106
1,150,106
1,155,106
1,156,106
1,157,106
1,159,106
1,160,106
1,161,106
1,162,106
1,168,106
1,169,106
1,171,106
1,175,106
1,176,106
1,177,106
1,178,106
1,179,106
1,180,106
1,181,106
1,182,106
1,183,106
1,184,106
1,110,107
1,111,107
1,112,107
1,113,107
1,121,107
1,122,107
1,123,107
1,134,107
1,135,107
1,136,107
1,137,107
1,138,107
1,139,107
1,142,107
1,143,107
1,146,107
1,148,107
1,149,107
1,150,107
1,155,107
1,156,107
1,157,107
1,159,107
1,160,107
1,161,107
1,162,107
1,168,107
1,169,107
1,171,107
1,175,107
1,176,107
1,177,107
1,178,107
1,179,107
1,180,107
1,181,107
1,182,107
1,183,107
1,184,107
1,110,108
1,111,108
1,112,108
1,113,108
1,121,108
1,122,108
1,123,108
1,134,108
1,135,108
1,136,108
1,137,108
1,138,108
1,139,108
1,142,108
1,143,108
1,146,108
1,148,108
1,149,108
1,150,108
1,155,108
1,156,108
1,157,108
1,159,108
1,160,108
1,161,108
1,162,108
1,168,108
1,169,108
1,171,108
1,175,108
1,176,108
1,177,108
1,178,108
1,179,108
1,180,108
1,181,108
1,182,108
1,183,108
1,184,108
1,110,109
1,111,109
1,112,109
1,113,109
1,121,109
1,122,109
1,123,109
1,134,109
1,135,109
1,136,109
1,137,109
1,138,109
1,139,109
1,142,109
1,143,109
1,146,109
1,148,109
1,149,109
1,150,109
1,155,109
1,156,109
1,157,109
1,159,109
1,160,109
1,161,109
1,162,109
1,168,109
1,169,109
1,171,109
1,175,109
1,176,109
1,177,109
1,178,109
1,179,109
1,180,109
1,181,109
1,182,109
1,183,109
1,184,109
1,110,114
1,110,115
1,110,116
1,110,117
1,110,118
1,110,119
1,110,120
1,110,124
1,110,125
1,110,126
1,110,127
1,110,128
1,110,129
1,110,130
1,110,131
1,110,132
1,110,133
1,110,140
1,110,141
1,110,144
1,110,145
1,110,147
1,110,151
1,110,152
1,110,153
1,110,154
1,110,158
1,110,163
1,110,164
1,110,165
1,110,166
1,110,167
1,110,170
1,110,172
1,110,173
1,110,174
1,111,114
1,111,115
1,111,116
1,111,117
1,111,118
1,111,119
1,111,120
1,111,124
1,111,125
1,111,126
1,111,127
1,111,128
1,111,129
1,111,130
1,111,131
1,111,132
1,111,133
1,111,140
1,111,141
1,111,144
1,111,145
1,111,147
1,111,151
1,111,152
1,111,153
1,111,154
1,111,158
1,111,163
1,111,164
1,111,165
1,111,166
1,111,167
1,111,170
1,111,172
1,111,173
1,111,174
1,112,114
1,112,115
1,112,116
1,112,117
1,112,118
1,112,119
1,112,120
1,112,124
1,112,125
1,112,126
1,112,127
1,112,128
1,112,129
1,112,130
1,112,131
1,112,132
1,112,133
1,112,140
1,112,141
1,112,144
1,112,145
1,112,147
1,112,151
1,112,152
1,112,153
1,112,154
1,112,158
1,112,163
1,112,164
1,112,165
1,112,166
1,112,167
1,112,170
1,112,172
1,112,173
1,112,174
1,113,114
1,113,115
1,113,116
1,113,117
1,113,118
1,113,119
1,113,120
1,113,124
1,113,125
1,113,126
1,113,127
1,113,128
1,113,129
1,113,130
1,113,131
1,113,132
1,113,133
1,113,140
1,113,141
1,113,144
1,113,145
1,113,147
1,113,151
1,113,152
1,113,153
1,113,154
1,113,158
1,113,163
1,113,164
1,113,165
1,113,166
1,113,167
1,113,170
1,113,172
1,113,173
1,113,174
1,121,114
1,122,114
1,123,114
1,134,114
1,135,114
1,136,114
1,137,114
1,138,114
1,139,114
1,142,114
1,143,114
1,146,114
1,148,114
1,149,114
1,150,114
1,155,114
1,156,114
1,157,114
1,159,114
1,160,114
1,161,114
1,162,114
1,168,114
1,169,114
1,171,114
1,175,114
1,176,114
1,177,114
1,178,114
1,179,114
1,180,114
1,181,114
1,182,114
1,183,114
1,184,114
1,121,115
1,122,115
1,123,115
1,134,115
1,135,115
1,136,115
1,137,115
1,138,115
1,139,115
1,142,115
1,143,115
1,146,115
1,148,115
1,149,115
1,150,115
1,155,115
1,156,115
1,157,115
1,159,115
1,160,115
1,161,115
1,162,115
1,168,115
1,169,115
1,171,115
1,175,115
1,176,115
1,177,115
1,178,115
1,179,115
1,180,115
1,181,115
1,182,115
1,183,115
1,184,115
1,121,116
1,122,116
1,123,116
1,134,116
1,135,116
1,136,116
1,137,116
1,138,116
1,139,116
1,142,116
1,143,116
1,146,116
1,148,116
1,149,116
1,150,116
1,155,116
1,156,116
1,157,116
1,159,116
1,160,116
1,161,116
1,162,116
1,168,116
1,169,116
1,171,116
1,175,116
1,176,116
1,177,116
1,178,116
1,179,116
1,180,116
1,181,116
1,182,116
1,183,116
1,184,116
1,121,117
1,122,117
1,123,117
1,134,117
1,135,117
1,136,117
1,137,117
1,138,117
1,139,117
1,142,117
1,143,117
1,146,117
1,148,117
1,149,117
1,150,117
1,155,117
1,156,117
1,157,117
1,159,117
1,160,117
1,161,117
1,162,117
1,168,117
1,169,117
1,171,117
1,175,117
1,176,117
1,177,117
1,178,117
1,179,117
1,180,117
1,181,117
1,182,117
1,183,117
1,184,117
1,121,118
1,122,118
1,123,118
1,134,118
1,135,118
1,136,118
1,137,118
1,138,118
1,139,118
1,142,118
1,143,118
1,146,118
1,148,118
1,149,118
1,150,118
1,155,118
1,156,118
1,157,118
1,159,118
1,160,118
1,161,118
1,162,118
1,168,118
1,169,118
1,171,118
1,175,118
1,176,118
1,177,118
1,178,118
1,179,118
1,180,118
1,181,118
1,182,118
1,183,118
1,184,118
1,121,119
1,122,119
1,123,119
1,134,119
1,135,119
1,136,119
1,137,119
1,138,119
1,139,119
1,142,119
1,143,119
1,146,119
1,148,119
1,149,119
1,150,119
1,155,119
1,156,119
1,157,119
1,159,119
1,160,119
1,161,119
1,162,119
1,168,119
1,169,119
1,171,119
1,175,119
1,176,119
1,177,119
1,178,119
1,179,119
1,180,119
1,181,119
1,182,119
1,183,119
1,184,119
1,121,120
1,122,120
1,123,120
1,134,120
1,135,120
1,136,120
1,137,120
1,138,120
1,139,120
1,142,120
1,143,120
1,146,120
1,148,120
1,149,120
1,150,120
1,155,120
1,156,120
1,157,120
1,159,120
1,160,120
1,161,120
1,162,120
1,168,120
1,169,120
1,171,120
1,175,120
1,176,120
1,177,120
1,178,120
1,179,120
1,180,120
1,181,120
1,182,120
1,183,120
1,184,120
1,121,124
1,121,125
1,121,126
1,121,127
1,121,128
1,121,129
1,121,130
1,121,131
1,121,132
1,121,133
1,121,140
1,121,141
1,121,144
1,121,145
1,121,147
1,121,151
1,121,152
1,121,153
1,121,154
1,121,158
1,121,163
1,121,164
1,121,165
1,121,166
1,121,167
1,121,170
1,121,172
1,121,173
1,121,174
1,122,124
1,122,125
1,122,126
1,122,127
1,122,128
1,122,129
1,122,130
1,122,131
1,122,132
1,122,133
1,122,140
1,122,141
1,122,144
1,122,145
1,122,147
1,122,151
1,122,152
1,122,153
1,122,154
1,122,158
1,122,163
1,122,164
1,122,165
1,122,166
1,122,167
1,122,170
1,122,172
1,122,173
1,122,174
1,123,124
1,123,125
1,123,126
1,123,127
1,123,128
1,123,129
1,123,130
1,123,131
1,123,132
1,123,133
1,123,140
1,123,141
1,123,144
1,123,145
1,123,147
1,123,151
1,123,152
1,123,153
1,123,154
1,123,158
1,123,163
1,123,164
1,123,165
1,123,166
1,123,167
1,123,170
1,123,172
1,123,173
1,123,174
1,134,124
1,135,124
1,136,124
1,137,124
1,138,124
1,139,124
1,142,124
1,143,124
1,146,124
1,148,124
1,149,124
1,150,124
1,155,124
1,156,124
1,157,124
1,159,124
1,160,124
1,161,124
1,162,124
1,168,124
1,169,124
1,171,124
1,175,124
1,176,124
1,177,124
1,178,124
1,179,124
1,180,124
1,181,124
1,182,124
1,183,124
1,184,124
1,134,125
1,135,125
1,136,125
1,137,125
1,138,125
1,139,125
1,142,125
1,143,125
1,146,125
1,148,125
1,149,125
1,150,125
1,155,125
1,156,125
1,157,125
1,159,125
1,160,125
1,161,125
1,162,125
1,168,125
1,169,125
1,171,125
1,175,125
1,176,125
1,177,125
1,178,125
1,179,125
1,180,125
1,181,125
1,182,125
1,183,125
1,184,125
1,134,126
1,135,126
1,136,126
1,137,126
1,138,126
1,139,126
1,142,126
1,143,126
1,146,126
1,148,126
1,149,126
1,150,126
1,155,126
1,156,126
1,157,126
1,159,126
1,160,126
1,161,126
1,162,126
1,168,126
1,169,126
1,171,126
1,175,126
1,176,126
1,177,126
1,178,126
1,179,126
1,180,126
1,181,126
1,182,126
1,183,126
1,184,126
1,134,127
1,135,127
1,136,127
1,137,127
1,138,127
1,139,127
1,142,127
1,143,127
1,146,127
1,148,127
1,149,127
1,150,127
1,155,127
1,156,127
1,157,127
1,159,127
1,160,127
1,161,127
1,162,127
1,168,127
1,169,127
1,171,127
1,175,127
1,176,127
1,177,127
1,178,127
1,179,127
1,180,127
1,181,127
1,182,127
1,183,127
1,184,127
1,134,128
1,135,128
1,136,128
1,137,128
1,138,128
1,139,128
1,142,128
1,143,128
1,146,128
1,148,128
1,149,128
1,150,128
1,155,128
1,156,128
1,157,128
1,159,128
1,160,128
1,161,128
1,162,128
1,168,128
1,169,128
1,171,128
1,175,128
1,176,128
1,177,128
1,178,128
1,179,128
1,180,128
1,181,128
1,182,128
1,183,128
1,184,128
1,134,129
1,135,129
1,136,129
1,137,129
1,138,129
1,139,129
1,142,129
1,143,129
1,146,129
1,148,129
1,149,129
1,150,129
1,155,129
1,156,129
1,157,129
1,159,129
1,160,129
1,161,129
1,162,129
1,168,129
1,169,129
1,171,129
1,175,129
1,176,129
1,177,129
1,178,129
1,179,129
1,180,129
1,181,129
1,182,129
1,183,129
1,184,129
1,134,130
1,135,130
1,136,130
1,137,130
1,138,130
1,139,130
1,142,130
1,143,130
1,146,130
1,148,130
1,149,130
1,150,130
1,155,130
1,156,130
1,157,130
1,159,130
1,160,130
1,161,130
1,162,130
1,168,130
1,169,130
1,171,130
1,175,130
1,176,130
1,177,130
1,178,130
1,179,130
1,180,130
1,181,130
1,182,130
1,183,130
1,184,130
1,134,131
1,135,131
1,136,131
1,137,131
1,138,131
1,139,131
1,142,131
1,143,131
1,146,131
1,148,131
1,149,131
1,150,131
1,155,131
1,156,131
1,157,131
1,159,131
1,160,131
1,161,131
1,162,131
1,168,131
1,169,131
1,171,131
1,175,131
1,176,131
1,177,131
1,178,131
1,179,131
1,180,131
1,181,131
1,182,131
1,183,131
1,184,131
1,134,132
1,135,132
1,136,132
1,137,132
1,138,132
1,139,132
1,142,132
1,143,132
1,146,132
1,148,132
1,149,132
1,150,132
1,155,132
1,156,132
1,157,132
1,159,132
1,160,132
1,161,132
1,162,132
1,168,132
1,169,132
1,171,132
1,175,132
1,176,132
1,177,132
1,178,132
1,179,132
1,180,132
1,181,132
1,182,132
1,183,132
1,184,132
1,134,133
1,135,133
1,136,133
1,137,133
1,138,133
1,139,133
1,142,133
1,143,133
1,146,133
1,148,133
1,149,133
1,150,133
1,155,133
1,156,133
1,157,133
1,159,133
1,160,133
1,161,133
1,162,133
1,168,133
1,169,133
1,171,133
1,175,133
1,176,133
1,177,133
1,178,133
1,179,133
1,180,133
1,181,133
1,182,133
1,183,133
1,184,133
1,134,140
1,134,141
1,134,144
1,134,145
1,134,147
1,134,151
1,134,152
1,134,153
1,134,154
1,134,158
1,134,163
1,134,164
1,134,165
1,134,166
1,134,167
1,134,170
1,134,172
1,134,173
1,134,174
1,135,140
1,135,141
1,135,144
1,135,145
1,135,147
1,135,151
1,135,152
1,135,153
1,135,154
1,135,158
1,135,163
1,135,164
1,135,165
1,135,166
1,135,167
1,135,170
1,135,172
1,135,173
1,135,174
1,136,140
1,136,141
1,136,144
1,136,145
1,136,147
1,136,151
1,136,152
1,136,153
1,136,154
1,136,158
1,136,163
1,136,164
1,136,165
1,136,166
1,136,167
1,136,170
1,136,172
1,136,173
1,136,174
1,137,140
1,137,141
1,137,144
1,137,145
1,137,147
1,137,151
1,137,152
1,137,153
1,137,154
1,137,158
1,137,163
1,137,164
1,137,165
1,137,166
1,137,167
1,137,170
1,137,172
1,137,173
1,137,174
1,138,140
1,138,141
1,138,144
1,138,145
1,138,147
1,138,151
1,138,152
1,138,153
1,138,154
1,138,158
1,138,163
1,138,164
1,138,165
1,138,166
1,138,167
1,138,170
1,138,172
1,138,173
1,138,174
1,139,140
1,139,141
1,139,144
1,139,145
1,139,147
1,139,151
1,139,152
1,139,153
1,139,154
1,139,158
1,139,163
1,139,164
1,139,165
1,139,166
1,139,167
1,139,170
1,139,172
1,139,173
1,139,174
1,142,140
1,143,140
1,146,140
1,148,140
1,149,140
1,150,140
1,155,140
1,156,140
1,157,140
1,159,140
1,160,140
1,161,140
1,162,140
1,168,140
1,169,140
1,171,140
1,175,140
1,176,140
1,177,140
1,178,140
1,179,140
1,180,140
1,181,140
1,182,140
1,183,140
1,184,140
1,142,141
1,143,141
1,146,141
1,148,141
1,149,141
1,150,141
1,155,141
1,156,141
1,157,141
1,159,141
1,160,141
1,161,141
1,162,141
1,168,141
1,169,141
1,171,141
1,175,141
1,176,141
1,177,141
1,178,141
1,179,141
1,180,141
1,181,141
1,182,141
1,183,141
1,184,141
1,142,144
1,142,145
1,142,147
1,142,151
1,142,152
1,142,153
1,142,154
1,142,158
1,142,163
1,142,164
1,142,165
1,142,166
1,142,167
1,142,170
1,142,172
1,142,173
1,142,174
1,143,144
1,143,145
1,143,147
1,143,151
1,143,152
1,143,153
1,143,154
1,143,158
1,143,163
1,143,164
1,143,165
1,143,166
1,143,167
1,143,170
1,143,172
1,143,173
1,143,174
1,146,144
1,148,144
1,149,144
1,150,144
1,155,144
1,156,144
1,157,144
1,159,144
1,160,144
1,161,144
1,162,144
1,168,144
1,169,144
1,171,144
1,175,144
1,176,144
1,177,144
1,178,144
1,179,144
1,180,144
1,181,144
1,182,144
1,183,144
1,184,144
1,146,145
1,148,145
1,149,145
1,150,145
1,155,145
1,156,145
1,157,145
1,159,145
1,160,145
1,161,145
1,162,145
1,168,145
1,169,145
1,171,145
1,175,145
1,176,145
1,177,145
1,178,145
1,179,145
1,180,145
1,181,145
1,182,145
1,183,145
1,184,145
1,146,147
1,146,151
1,146,152
1,146,153
1,146,154
1,146,158
1,146,163
1,146,164
1,146,165
1,146,166
1,146,167
1,146,170
1,146,172
1,146,173
1,146,174
1,148,147
1,149,147
1,150,147
1,155,147
1,156,147
1,157,147
1,159,147
1,160,147
1,161,147
1,162,147
1,168,147
1,169,147
1,171,147
1,175,147
1,176,147
1,177,147
1,178,147
1,179,147
1,180,147
1,181,147
1,182,147
1,183,147
1,184,147
1,148,151
1,148,152
1,148,153
1,148,154
1,148,158
1,148,163
1,148,164
1,148,165
1,148,166
1,148,167
1,148,170
1,148,172
1,148,173
1,148,174
1,149,151
1,149,152
1,149,153
1,149,154
1,149,158
1,149,163
1,149,164
1,149,165
1,149,166
1,149,167
1,149,170
1,149,172
1,149,173
1,149,174
1,150,151
1,150,152
1,150,153
1,150,154
1,150,158
1,150,163
1,150,164
1,150,165
1,150,166
1,150,167
1,150,170
1,150,172
1,150,173
1,150,174
1,155,151
1,156,151
1,157,151
1,159,151
1,160,151
1,161,151
1,162,151
1,168,151
1,169,151
1,171,151
1,175,151
1,176,151
1,177,151
1,178,151
1,179,151
1,180,151
1,181,151
1,182,151
1,183,151
1,184,151
1,155,152
1,156,152
1,157,152
1,159,152
1,160,152
1,161,152
1,162,152
1,168,152
1,169,152
1,171,152
1,175,152
1,176,152
1,177,152
1,178,152
1,179,152
1,180,152
1,181,152
1,182,152
1,183,152
1,184,152
1,155,153
1,156,153
1,157,153
1,159,153
1,160,153
1,161,153
1,162,153
1,168,153
1,169,153
1,171,153
1,175,153
1,176,153
1,177,153
1,178,153
1,179,153
1,180,153
1,181,153
1,182,153
1,183,153
1,184,153
1,155,154
1,156,154
1,157,154
1,159,154
1,160,154
1,161,154
1,162,154
1,168,154
1,169,154
1,171,154
1,175,154
1,176,154
1,177,154
1,178,154
1,179,154
1,180,154
1,181,154
1,182,154
1,183,154
1,184,154
1,155,158
1,155,163
1,155,164
1,155,165
1,155,166
1,155,167
1,155,170
1,155,172
1,155,173
1,155,174
1,156,158
1,156,163
1,156,164
1,156,165
1,156,166
1,156,167
1,156,170
1,156,172
1,156,173
1,156,174
1,157,158
1,157,163
1,157,164
1,157,165
1,157,166
1,157,167
1,157,170
1,157,172
1,157,173
1,157,174
1,159,158
1,160,158
1,161,158
1,162,158
1,168,158
1,169,158
1,171,158
1,175,158
1,176,158
1,177,158
1,178,158
1,179,158
1,180,158
1,181,158
1,182,158
1,183,158
1,184,158
1,159,163
1,159,164
1,159,165
1,159,166
1,159,167
1,159,170
1,159,172
1,159,173
1,159,174
1,160,163
1,160,164
1,160,165
1,160,166
1,160,167
1,160,170
1,160,172
1,160,173
1,160,174
1,161,163
1,161,164
1,161,165
1,161,166
1,161,167
1,161,170
1,161,172
1,161,173
1,161,174
1,162,163
1,162,164
1,162,165
1,162,166
1,162,167
1,162,170
1,162,172
1,162,173
1,162,174
1,168,163
1,169,163
1,171,163
1,175,163
1,176,163
1,177,163
1,178,163
1,179,163
1,180,163
1,181,163
1,182,163
1,183,163
1,184,163
1,168,164
1,169,164
1,171,164
1,175,164
1,176,164
1,177,164
1,178,164
1,179,164
1,180,164
1,181,164
1,182,164
1,183,164
1,184,164
1,168,165
1,169,165
1,171,165
1,175,165
1,176,165
1,177,165
1,178,165
1,179,165
1,180,165
1,181,165
1,182,165
1,183,165
1,184,165
1,168,166
1,169,166
1,171,166
1,175,166
1,176,166
1,177,166
1,178,166
1,179,166
1,180,166
1,181,166
1,182,166
1,183,166
1,184,166
1,168,167
1,169,167
1,171,167
1,175,167
1,176,167
1,177,167
1,178,167
1,179,167
1,180,167
1,181,167
1,182,167
1,183,167
1,184,167
1,168,170
1,168,172
1,168,173
1,168,174
1,169,170
1,169,172
1,169,173
1,169,174
1,171,170
1,175,170
1,176,170
1,177,170
1,178,170
1,179,170
1,180,170
1,181,170
1,182,170
1,183,170
1,184,170
1,171,172
1,171,173
1,171,174
1,175,172
1,176,172
1,177,172
1,178,172
1,179,172
1,180,172
1,181,172
1,182,172
1,183,172
1,184,172
1,175,173
1,176,173
1,177,173
1,178,173
1,179,173
1,180,173
1,181,173
1,182,173
1,183,173
1,184,173
1,175,174
1,176,174
1,177,174
1,178,174
1,179,174
1,180,174
1,181,174
1,182,174
1,183,174
1,184,174
