UserID,Outcome1ID,Outcome2ID
1,21,1
1,23,1
1,48,1
1,78,1
1,79,1
1,80,1
1,81,1
1,82,1
1,83,1
1,84,1
1,85,1
1,86,1
1,87,1
1,88,1
1,89,1
1,90,1
1,91,1
1,92,1
1,102,1
1,114,1
1,115,1
1,119,1
1,130,1
1,131,1
1,132,1
1,133,1
1,137,1
1,143,1
1,144,1
1,146,1
1,147,1
1,150,1
1,152,1
1,153,1
1,158,1
1,166,1
1,167,1
1,171,1
1,174,1
1,21,2
1,23,2
1,48,2
1,78,2
1,79,2
1,80,2
1,81,2
1,82,2
1,83,2
1,84,2
1,85,2
1,86,2
1,87,2
1,88,2
1,89,2
1,90,2
1,91,2
1,92,2
1,102,2
1,114,2
1,115,2
1,119,2
1,130,2
1,131,2
1,132,2
1,133,2
1,137,2
1,143,2
1,144,2
1,146,2
1,147,2
1,150,2
1,152,2
1,153,2
1,158,2
1,166,2
1,167,2
1,171,2
1,174,2
1,21,3
1,23,3
1,48,3
1,78,3
1,79,3
1,80,3
1,81,3
1,82,3
1,83,3
1,84,3
1,85,3
1,86,3
1,87,3
1,88,3
1,89,3
1,90,3
1,91,3
1,92,3
1,102,3
1,114,3
1,115,3
1,119,3
1,130,3
1,131,3
1,132,3
1,133,3
1,137,3
1,143,3
1,144,3
1,146,3
1,147,3
1,150,3
1,152,3
1,153,3
1,158,3
1,166,3
1,167,3
1,171,3
1,174,3
1,21,4
1,23,4
1,48,4
1,78,4
1,79,4
1,80,4
1,81,4
1,82,4
1,83,4
1,84,4
1,85,4
1,86,4
1,87,4
1,88,4
1,89,4
1,90,4
1,91,4
1,92,4
1,102,4
1,114,4
1,115,4
1,119,4
1,130,4
1,131,4
1,132,4
1,133,4
1,137,4
1,143,4
1,144,4
1,146,4
1,147,4
1,150,4
1,152,4
1,153,4
1,158,4
1,166,4
1,167,4
1,171,4
1,174,4
1,21,5
1,23,5
1,48,5
1,78,5
1,79,5
1,80,5
1,81,5
1,82,5
1,83,5
1,84,5
1,85,5
1,86,5
1,87,5
1,88,5
1,89,5
1,90,5
1,91,5
1,92,5
1,102,5
1,114,5
1,115,5
1,119,5
1,130,5
1,131,5
1,132,5
1,133,5
1,137,5
1,143,5
1,144,5
1,146,5
1,147,5
1,150,5
1,152,5
1,153,5
1,158,5
1,166,5
1,167,5
1,171,5
1,174,5
1,21,6
1,23,6
1,48,6
1,78,6
1,79,6
1,80,6
1,81,6
1,82,6
1,83,6
1,84,6
1,85,6
1,86,6
1,87,6
1,88,6
1,89,6
1,90,6
1,91,6
1,92,6
1,102,6
1,114,6
1,115,6
1,119,6
1,130,6
1,131,6
1,132,6
1,133,6
1,137,6
1,143,6
1,144,6
1,146,6
1,147,6
1,150,6
1,152,6
1,153,6
1,158,6
1,166,6
1,167,6
1,171,6
1,174,6
1,21,7
1,23,7
1,48,7
1,78,7
1,79,7
1,80,7
1,81,7
1,82,7
1,83,7
1,84,7
1,85,7
1,86,7
1,87,7
1,88,7
1,89,7
1,90,7
1,91,7
1,92,7
1,102,7
1,114,7
1,115,7
1,119,7
1,130,7
1,131,7
1,132,7
1,133,7
1,137,7
1,143,7
1,144,7
1,146,7
1,147,7
1,150,7
1,152,7
1,153,7
1,158,7
1,166,7
1,167,7
1,171,7
1,174,7
1,21,8
1,23,8
1,48,8
1,78,8
1,79,8
1,80,8
1,81,8
1,82,8
1,83,8
1,84,8
1,85,8
1,86,8
1,87,8
1,88,8
1,89,8
1,90,8
1,91,8
1,92,8
1,102,8
1,114,8
1,115,8
1,119,8
1,130,8
1,131,8
1,132,8
1,133,8
1,137,8
1,143,8
1,144,8
1,146,8
1,147,8
1,150,8
1,152,8
1,153,8
1,158,8
1,166,8
1,167,8
1,171,8
1,174,8
1,21,9
1,23,9
1,48,9
1,78,9
1,79,9
1,80,9
1,81,9
1,82,9
1,83,9
1,84,9
1,85,9
1,86,9
1,87,9
1,88,9
1,89,9
1,90,9
1,91,9
1,92,9
1,102,9
1,114,9
1,115,9
1,119,9
1,130,9
1,131,9
1,132,9
1,133,9
1,137,9
1,143,9
1,144,9
1,146,9
1,147,9
1,150,9
1,152,9
1,153,9
1,158,9
1,166,9
1,167,9
1,171,9
1,174,9
1,21,10
1,23,10
1,48,10
1,78,10
1,79,10
1,80,10
1,81,10
1,82,10
1,83,10
1,84,10
1,85,10
1,86,10
1,87,10
1,88,10
1,89,10
1,90,10
1,91,10
1,92,10
1,102,10
1,114,10
1,115,10
1,119,10
1,130,10
1,131,10
1,132,10
1,133,10
1,137,10
1,143,10
1,144,10
1,146,10
1,147,10
1,150,10
1,152,10
1,153,10
1,158,10
1,166,10
1,167,10
1,171,10
1,174,10
1,21,11
1,23,11
1,48,11
1,78,11
1,79,11
1,80,11
1,81,11
1,82,11
1,83,11
1,84,11
1,85,11
1,86,11
1,87,11
1,88,11
1,89,11
1,90,11
1,91,11
1,92,11
1,102,11
1,114,11
1,115,11
1,119,11
1,130,11
1,131,11
1,132,11
1,133,11
1,137,11
1,143,11
1,144,11
1,146,11
1,147,11
1,150,11
1,152,11
1,153,11
1,158,11
1,166,11
1,167,11
1,171,11
1,174,11
1,21,12
1,23,12
1,48,12
1,78,12
1,79,12
1,80,12
1,81,12
1,82,12
1,83,12
1,84,12
1,85,12
1,86,12
1,87,12
1,88,12
1,89,12
1,90,12
1,91,12
1,92,12
1,102,12
1,114,12
1,115,12
1,119,12
1,130,12
1,131,12
1,132,12
1,133,12
1,137,12
1,143,12
1,144,12
1,146,12
1,147,12
1,150,12
1,152,12
1,153,12
1,158,12
1,166,12
1,167,12
1,171,12
1,174,12
1,21,13
1,23,13
1,48,13
1,78,13
1,79,13
1,80,13
1,81,13
1,82,13
1,83,13
1,84,13
1,85,13
1,86,13
1,87,13
1,88,13
1,89,13
1,90,13
1,91,13
1,92,13
1,102,13
1,114,13
1,115,13
1,119,13
1,130,13
1,131,13
1,132,13
1,133,13
1,137,13
1,143,13
1,144,13
1,146,13
1,147,13
1,150,13
1,152,13
1,153,13
1,158,13
1,166,13
1,167,13
1,171,13
1,174,13
1,21,14
1,23,14
1,48,14
1,78,14
1,79,14
1,80,14
1,81,14
1,82,14
1,83,14
1,84,14
1,85,14
1,86,14
1,87,14
1,88,14
1,89,14
1,90,14
1,91,14
1,92,14
1,102,14
1,114,14
1,115,14
1,119,14
1,130,14
1,131,14
1,132,14
1,133,14
1,137,14
1,143,14
1,144,14
1,146,14
1,147,14
1,150,14
1,152,14
1,153,14
1,158,14
1,166,14
1,167,14
1,171,14
1,174,14
1,21,15
1,23,15
1,48,15
1,78,15
1,79,15
1,80,15
1,81,15
1,82,15
1,83,15
1,84,15
1,85,15
1,86,15
1,87,15
1,88,15
1,89,15
1,90,15
1,91,15
1,92,15
1,102,15
1,114,15
1,115,15
1,119,15
1,130,15
1,131,15
1,132,15
1,133,15
1,137,15
1,143,15
1,144,15
1,146,15
1,147,15
1,150,15
1,152,15
1,153,15
1,158,15
1,166,15
1,167,15
1,171,15
1,174,15
1,21,16
1,23,16
1,48,16
1,78,16
1,79,16
1,80,16
1,81,16
1,82,16
1,83,16
1,84,16
1,85,16
1,86,16
1,87,16
1,88,16
1,89,16
1,90,16
1,91,16
1,92,16
1,102,16
1,114,16
1,115,16
1,119,16
1,130,16
1,131,16
1,132,16
1,133,16
1,137,16
1,143,16
1,144,16
1,146,16
1,147,16
1,150,16
1,152,16
1,153,16
1,158,16
1,166,16
1,167,16
1,171,16
1,174,16
1,21,17
1,23,17
1,48,17
1,78,17
1,79,17
1,80,17
1,81,17
1,82,17
1,83,17
1,84,17
1,85,17
1,86,17
1,87,17
1,88,17
1,89,17
1,90,17
1,91,17
1,92,17
1,102,17
1,114,17
1,115,17
1,119,17
1,130,17
1,131,17
1,132,17
1,133,17
1,137,17
1,143,17
1,144,17
1,146,17
1,147,17
1,150,17
1,152,17
1,153,17
1,158,17
1,166,17
1,167,17
1,171,17
1,174,17
1,21,18
1,23,18
1,48,18
1,78,18
1,79,18
1,80,18
1,81,18
1,82,18
1,83,18
1,84,18
1,85,18
1,86,18
1,87,18
1,88,18
1,89,18
1,90,18
1,91,18
1,92,18
1,102,18
1,114,18
1,115,18
1,119,18
1,130,18
1,131,18
1,132,18
1,133,18
1,137,18
1,143,18
1,144,18
1,146,18
1,147,18
1,150,18
1,152,18
1,153,18
1,158,18
1,166,18
1,167,18
1,171,18
1,174,18
1,21,19
1,23,19
1,48,19
1,78,19
1,79,19
1,80,19
1,81,19
1,82,19
1,83,19
1,84,19
1,85,19
1,86,19
1,87,19
1,88,19
1,89,19
1,90,19
1,91,19
1,92,19
1,102,19
1,114,19
1,115,19
1,119,19
1,130,19
1,131,19
1,132,19
1,133,19
1,137,19
1,143,19
1,144,19
1,146,19
1,147,19
1,150,19
1,152,19
1,153,19
1,158,19
1,166,19
1,167,19
1,171,19
1,174,19
1,21,20
1,23,20
1,48,20
1,78,20
1,79,20
1,80,20
1,81,20
1,82,20
1,83,20
1,84,20
1,85,20
1,86,20
1,87,20
1,88,20
1,89,20
1,90,20
1,91,20
1,92,20
1,102,20
1,114,20
1,115,20
1,119,20
1,130,20
1,131,20
1,132,20
1,133,20
1,137,20
1,143,20
1,144,20
1,146,20
1,147,20
1,150,20
1,152,20
1,153,20
1,158,20
1,166,20
1,167,20
1,171,20
1,174,20
1,21,22
1,21,24
1,21,25
1,21,26
1,21,27
1,21,28
1,21,29
1,21,30
1,21,31
1,21,32
1,21,33
1,21,34
1,21,35
1,21,36
1,21,37
1,21,38
1,21,39
1,21,40
1,21,41
1,21,42
1,21,43
1,21,44
1,21,45
1,21,46
1,21,47
1,21,49
1,21,50
1,21,51
1,21,52
1,21,53
1,21,54
1,21,55
1,21,56
1,21,57
1,21,58
1,21,59
1,21,60
1,21,61
1,21,62
1,21,63
1,21,64
1,21,65
1,21,66
1,21,67
1,21,68
1,21,69
1,21,70
1,21,71
1,21,72
1,21,73
1,21,74
1,21,75
1,21,76
1,21,77
1,21,93
1,21,94
1,21,95
1,21,96
1,21,97
1,21,98
1,21,99
1,21,100
1,21,101
1,21,103
1,21,104
1,21,105
1,21,106
1,21,107
1,21,108
1,21,109
1,21,110
1,21,111
1,21,112
1,21,113
1,21,116
1,21,117
1,21,118
1,21,120
1,21,121
1,21,122
1,21,123
1,21,124
1,21,125
1,21,126
1,21,127
1,21,128
1,21,129
1,21,134
1,21,135
1,21,136
1,21,138
1,21,139
1,21,140
1,21,141
1,21,142
1,21,145
1,21,148
1,21,149
1,21,151
1,21,154
1,21,155
1,21,156
1,21,157
1,21,159
1,21,160
1,21,161
1,21,162
1,21,163
1,21,164
1,21,165
1,21,168
1,21,169
1,21,170
1,21,172
1,21,173
1,21,175
1,21,176
1,21,177
1,21,178
1,21,179
1,21,180
1,21,181
1,21,182
1,21,183
1,21,184
1,21,185
1,21,186
1,21,187
1,21,188
1,21,189
1,21,190
1,21,191
1,21,192
1,21,193
1,21,194
1,21,195
1,21,196
1,21,197
1,21,198
1,21,199
1,21,200
1,21,201
1,21,202
1,21,203
1,21,204
1,21,205
1,21,206
1,21,207
1,21,208
1,21,209
1,21,210
1,21,211
1,21,212
1,21,213
1,21,214
1,21,215
1,21,216
1,21,217
1,21,218
1,21,219
1,21,220
1,21,221
1,21,222
1,21,223
1,21,224
1,21,225
1,21,226
1,21,227
1,21,228
1,21,229
1,21,230
1,21,231
1,21,232
1,21,233
1,21,234
1,21,235
1,21,236
1,21,237
1,21,238
1,21,239
1,21,240
1,21,241
1,21,242
1,21,243
1,21,244
1,21,245
1,21,246
1,21,247
1,21,248
1,21,249
1,21,250
1,21,251
1,21,252
1,21,253
1,21,254
1,21,255
1,21,256
1,21,257
1,21,258
1,21,259
1,21,260
1,21,261
1,21,262
1,21,263
1,21,264
1,21,265
1,21,266
1,21,267
1,21,268
1,21,269
1,21,270
1,23,22
1,48,22
1,78,22
1,79,22
1,80,22
1,81,22
1,82,22
1,83,22
1,84,22
1,85,22
1,86,22
1,87,22
1,88,22
1,89,22
1,90,22
1,91,22
1,92,22
1,102,22
1,114,22
1,115,22
1,119,22
1,130,22
1,131,22
1,132,22
1,133,22
1,137,22
1,143,22
1,144,22
1,146,22
1,147,22
1,150,22
1,152,22
1,153,22
1,158,22
1,166,22
1,167,22
1,171,22
1,174,22
1,23,24
1,23,25
1,23,26
1,23,27
1,23,28
1,23,29
1,23,30
1,23,31
1,23,32
1,23,33
1,23,34
1,23,35
1,23,36
1,23,37
1,23,38
1,23,39
1,23,40
1,23,41
1,23,42
1,23,43
1,23,44
1,23,45
1,23,46
1,23,47
1,23,49
1,23,50
1,23,51
1,23,52
1,23,53
1,23,54
1,23,55
1,23,56
1,23,57
1,23,58
1,23,59
1,23,60
1,23,61
1,23,62
1,23,63
1,23,64
1,23,65
1,23,66
1,23,67
1,23,68
1,23,69
1,23,70
1,23,71
1,23,72
1,23,73
1,23,74
1,23,75
1,23,76
1,23,77
1,23,93
1,23,94
1,23,95
1,23,96
1,23,97
1,23,98
1,23,99
1,23,100
1,23,101
1,23,103
1,23,104
1,23,105
1,23,106
1,23,107
1,23,108
1,23,109
1,23,110
1,23,111
1,23,112
1,23,113
1,23,116
1,23,117
1,23,118
1,23,120
1,23,121
1,23,122
1,23,123
1,23,124
1,23,125
1,23,126
1,23,127
1,23,128
1,23,129
1,23,134
1,23,135
1,23,136
1,23,138
1,23,139
1,23,140
1,23,141
1,23,142
1,23,145
1,23,148
1,23,149
1,23,151
1,23,154
1,23,155
1,23,156
1,23,157
1,23,159
1,23,160
1,23,161
1,23,162
1,23,163
1,23,164
1,23,165
1,23,168
1,23,169
1,23,170
1,23,172
1,23,173
1,23,175
1,23,176
1,23,177
1,23,178
1,23,179
1,23,180
1,23,181
1,23,182
1,23,183
1,23,184
1,23,185
1,23,186
1,23,187
1,23,188
1,23,189
1,23,190
1,23,191
1,23,192
1,23,193
1,23,194
1,23,195
1,23,196
1,23,197
1,23,198
1,23,199
1,23,200
1,23,201
1,23,202
1,23,203
1,23,204
1,23,205
1,23,206
1,23,207
1,23,208
1,23,209
1,23,210
1,23,211
1,23,212
1,23,213
1,23,214
1,23,215
1,23,216
1,23,217
1,23,218
1,23,219
1,23,220
1,23,221
1,23,222
1,23,223
1,23,224
1,23,225
1,23,226
1,23,227
1,23,228
1,23,229
1,23,230
1,23,231
1,23,232
1,23,233
1,23,234
1,23,235
1,23,236
1,23,237
1,23,238
1,23,239
1,23,240
1,23,241
1,23,242
1,23,243
1,23,244
1,23,245
1,23,246
1,23,247
1,23,248
1,23,249
1,23,250
1,23,251
1,23,252
1,23,253
1,23,254
1,23,255
1,23,256
1,23,257
1,23,258
1,23,259
1,23,260
1,23,261
1,23,262
1,23,263
1,23,264
1,23,265
1,23,266
1,23,267
1,23,268
1,23,269
1,23,270
1,48,24
1,78,24
1,79,24
1,80,24
1,81,24
1,82,24
1,83,24
1,84,24
1,85,24
1,86,24
1,87,24
1,88,24
1,89,24
1,90,24
1,91,24
1,92,24
1,102,24
1,114,24
1,115,24
1,119,24
1,130,24
1,131,24
1,132,24
1,133,24
1,137,24
1,143,24
1,144,24
1,146,24
1,147,24
1,150,24
1,152,24
1,153,24
1,158,24
1,166,24
1,167,24
1,171,24
1,174,24
1,48,25
1,78,25
1,79,25
1,80,25
1,81,25
1,82,25
1,83,25
1,84,25
1,85,25
1,86,25
1,87,25
1,88,25
1,89,25
1,90,25
1,91,25
1,92,25
1,102,25
1,114,25
1,115,25
1,119,25
1,130,25
1,131,25
1,132,25
1,133,25
1,137,25
1,143,25
1,144,25
1,146,25
1,147,25
1,150,25
1,152,25
1,153,25
1,158,25
1,166,25
1,167,25
1,171,25
1,174,25
1,48,26
1,78,26
1,79,26
1,80,26
1,81,26
1,82,26
1,83,26
1,84,26
1,85,26
1,86,26
1,87,26
1,88,26
1,89,26
1,90,26
1,91,26
1,92,26
1,102,26
1,114,26
1,115,26
1,119,26
1,130,26
1,131,26
1,132,26
1,133,26
1,137,26
1,143,26
1,144,26
1,146,26
1,147,26
1,150,26
1,152,26
1,153,26
1,158,26
1,166,26
1,167,26
1,171,26
1,174,26
1,48,27
1,78,27
1,79,27
1,80,27
1,81,27
1,82,27
1,83,27
1,84,27
1,85,27
1,86,27
1,87,27
1,88,27
1,89,27
1,90,27
1,91,27
1,92,27
1,102,27
1,114,27
1,115,27
1,119,27
1,130,27
1,131,27
1,132,27
1,133,27
1,137,27
1,143,27
1,144,27
1,146,27
1,147,27
1,150,27
1,152,27
1,153,27
1,158,27
1,166,27
1,167,27
1,171,27
1,174,27
1,48,28
1,78,28
1,79,28
1,80,28
1,81,28
1,82,28
1,83,28
1,84,28
1,85,28
1,86,28
1,87,28
1,88,28
1,89,28
1,90,28
1,91,28
1,92,28
1,102,28
1,114,28
1,115,28
1,119,28
1,130,28
1,131,28
1,132,28
1,133,28
1,137,28
1,143,28
1,144,28
1,146,28
1,147,28
1,150,28
1,152,28
1,153,28
1,158,28
1,166,28
1,167,28
1,171,28
1,174,28
1,48,29
1,78,29
1,79,29
1,80,29
1,81,29
1,82,29
1,83,29
1,84,29
1,85,29
1,86,29
1,87,29
1,88,29
1,89,29
1,90,29
1,91,29
1,92,29
1,102,29
1,114,29
1,115,29
1,119,29
1,130,29
1,131,29
1,132,29
1,133,29
1,137,29
1,143,29
1,144,29
1,146,29
1,147,29
1,150,29
1,152,29
1,153,29
1,158,29
1,166,29
1,167,29
1,171,29
1,174,29
1,48,30
1,78,30
1,79,30
1,80,30
1,81,30
1,82,30
1,83,30
1,84,30
1,85,30
1,86,30
1,87,30
1,88,30
1,89,30
1,90,30
1,91,30
1,92,30
1,102,30
1,114,30
1,115,30
1,119,30
1,130,30
1,131,30
1,132,30
1,133,30
1,137,30
1,143,30
1,144,30
1,146,30
1,147,30
1,150,30
1,152,30
1,153,30
1,158,30
1,166,30
1,167,30
1,171,30
1,174,30
1,48,31
1,78,31
1,79,31
1,80,31
1,81,31
1,82,31
1,83,31
1,84,31
1,85,31
1,86,31
1,87,31
1,88,31
1,89,31
1,90,31
1,91,31
1,92,31
1,102,31
1,114,31
1,115,31
1,119,31
1,130,31
1,131,31
1,132,31
1,133,31
1,137,31
1,143,31
1,144,31
1,146,31
1,147,31
1,150,31
1,152,31
1,153,31
1,158,31
1,166,31
1,167,31
1,171,31
1,174,31
1,48,32
1,78,32
1,79,32
1,80,32
1,81,32
1,82,32
1,83,32
1,84,32
1,85,32
1,86,32
1,87,32
1,88,32
1,89,32
1,90,32
1,91,32
1,92,32
1,102,32
1,114,32
1,115,32
1,119,32
1,130,32
1,131,32
1,132,32
1,133,32
1,137,32
1,143,32
1,144,32
1,146,32
1,147,32
1,150,32
1,152,32
1,153,32
1,158,32
1,166,32
1,167,32
1,171,32
1,174,32
1,48,33
1,78,33
1,79,33
1,80,33
1,81,33
1,82,33
1,83,33
1,84,33
1,85,33
1,86,33
1,87,33
1,88,33
1,89,33
1,90,33
1,91,33
1,92,33
1,102,33
1,114,33
1,115,33
1,119,33
1,130,33
1,131,33
1,132,33
1,133,33
1,137,33
1,143,33
1,144,33
1,146,33
1,147,33
1,150,33
1,152,33
1,153,33
1,158,33
1,166,33
1,167,33
1,171,33
1,174,33
1,48,34
1,78,34
1,79,34
1,80,34
1,81,34
1,82,34
1,83,34
1,84,34
1,85,34
1,86,34
1,87,34
1,88,34
1,89,34
1,90,34
1,91,34
1,92,34
1,102,34
1,114,34
1,115,34
1,119,34
1,130,34
1,131,34
1,132,34
1,133,34
1,137,34
1,143,34
1,144,34
1,146,34
1,147,34
1,150,34
1,152,34
1,153,34
1,158,34
1,166,34
1,167,34
1,171,34
1,174,34
1,48,35
1,78,35
1,79,35
1,80,35
1,81,35
1,82,35
1,83,35
1,84,35
1,85,35
1,86,35
1,87,35
1,88,35
1,89,35
1,90,35
1,91,35
1,92,35
1,102,35
1,114,35
1,115,35
1,119,35
1,130,35
1,131,35
1,132,35
1,133,35
1,137,35
1,143,35
1,144,35
1,146,35
1,147,35
1,150,35
1,152,35
1,153,35
1,158,35
1,166,35
1,167,35
1,171,35
1,174,35
1,48,36
1,78,36
1,79,36
1,80,36
1,81,36
1,82,36
1,83,36
1,84,36
1,85,36
1,86,36
1,87,36
1,88,36
1,89,36
1,90,36
1,91,36
1,92,36
1,102,36
1,114,36
1,115,36
1,119,36
1,130,36
1,131,36
1,132,36
1,133,36
1,137,36
1,143,36
1,144,36
1,146,36
1,147,36
1,150,36
1,152,36
1,153,36
1,158,36
1,166,36
1,167,36
1,171,36
1,174,36
1,48,37
1,78,37
1,79,37
1,80,37
1,81,37
1,82,37
1,83,37
1,84,37
1,85,37
1,86,37
1,87,37
1,88,37
1,89,37
1,90,37
1,91,37
1,92,37
1,102,37
1,114,37
1,115,37
1,119,37
1,130,37
1,131,37
1,132,37
1,133,37
1,137,37
1,143,37
1,144,37
1,146,37
1,147,37
1,150,37
1,152,37
1,153,37
1,158,37
1,166,37
1,167,37
1,171,37
1,174,37
1,48,38
1,78,38
1,79,38
1,80,38
1,81,38
1,82,38
1,83,38
1,84,38
1,85,38
1,86,38
1,87,38
1,88,38
1,89,38
1,90,38
1,91,38
1,92,38
1,102,38
1,114,38
1,115,38
1,119,38
1,130,38
1,131,38
1,132,38
1,133,38
1,137,38
1,143,38
1,144,38
1,146,38
1,147,38
1,150,38
1,152,38
1,153,38
1,158,38
1,166,38
1,167,38
1,171,38
1,174,38
1,48,39
1,78,39
1,79,39
1,80,39
1,81,39
1,82,39
1,83,39
1,84,39
1,85,39
1,86,39
1,87,39
1,88,39
1,89,39
1,90,39
1,91,39
1,92,39
1,102,39
1,114,39
1,115,39
1,119,39
1,130,39
1,131,39
1,132,39
1,133,39
1,137,39
1,143,39
1,144,39
1,146,39
1,147,39
1,150,39
1,152,39
1,153,39
1,158,39
1,166,39
1,167,39
1,171,39
1,174,39
1,48,40
1,78,40
1,79,40
1,80,40
1,81,40
1,82,40
1,83,40
1,84,40
1,85,40
1,86,40
1,87,40
1,88,40
1,89,40
1,90,40
1,91,40
1,92,40
1,102,40
1,114,40
1,115,40
1,119,40
1,130,40
1,131,40
1,132,40
1,133,40
1,137,40
1,143,40
1,144,40
1,146,40
1,147,40
1,150,40
1,152,40
1,153,40
1,158,40
1,166,40
1,167,40
1,171,40
1,174,40
1,48,41
1,78,41
1,79,41
1,80,41
1,81,41
1,82,41
1,83,41
1,84,41
1,85,41
1,86,41
1,87,41
1,88,41
1,89,41
1,90,41
1,91,41
1,92,41
1,102,41
1,114,41
1,115,41
1,119,41
1,130,41
1,131,41
1,132,41
1,133,41
1,137,41
1,143,41
1,144,41
1,146,41
1,147,41
1,150,41
1,152,41
1,153,41
1,158,41
1,166,41
1,167,41
1,171,41
1,174,41
1,48,42
1,78,42
1,79,42
1,80,42
1,81,42
1,82,42
1,83,42
1,84,42
1,85,42
1,86,42
1,87,42
1,88,42
1,89,42
1,90,42
1,91,42
1,92,42
1,102,42
1,114,42
1,115,42
1,119,42
1,130,42
1,131,42
1,132,42
1,133,42
1,137,42
1,143,42
1,144,42
1,146,42
1,147,42
1,150,42
1,152,42
1,153,42
1,158,42
1,166,42
1,167,42
1,171,42
1,174,42
1,48,43
1,78,43
1,79,43
1,80,43
1,81,43
1,82,43
1,83,43
1,84,43
1,85,43
1,86,43
1,87,43
1,88,43
1,89,43
1,90,43
1,91,43
1,92,43
1,102,43
1,114,43
1,115,43
1,119,43
1,130,43
1,131,43
1,132,43
1,133,43
1,137,43
1,143,43
1,144,43
1,146,43
1,147,43
1,150,43
1,152,43
1,153,43
1,158,43
1,166,43
1,167,43
1,171,43
1,174,43
1,48,44
1,78,44
1,79,44
1,80,44
1,81,44
1,82,44
1,83,44
1,84,44
1,85,44
1,86,44
1,87,44
1,88,44
1,89,44
1,90,44
1,91,44
1,92,44
1,102,44
1,114,44
1,115,44
1,119,44
1,130,44
1,131,44
1,132,44
1,133,44
1,137,44
1,143,44
1,144,44
1,146,44
1,147,44
1,150,44
1,152,44
1,153,44
1,158,44
1,166,44
1,167,44
1,171,44
1,174,44
1,48,45
1,78,45
1,79,45
1,80,45
1,81,45
1,82,45
1,83,45
1,84,45
1,85,45
1,86,45
1,87,45
1,88,45
1,89,45
1,90,45
1,91,45
1,92,45
1,102,45
1,114,45
1,115,45
1,119,45
1,130,45
1,131,45
1,132,45
1,133,45
1,137,45
1,143,45
1,144,45
1,146,45
1,147,45
1,150,45
1,152,45
1,153,45
1,158,45
1,166,45
1,167,45
1,171,45
1,174,45
1,48,46
1,78,46
1,79,46
1,80,46
1,81,46
1,82,46
1,83,46
1,84,46
1,85,46
1,86,46
1,87,46
1,88,46
1,89,46
1,90,46
1,91,46
1,92,46
1,102,46
1,114,46
1,115,46
1,119,46
1,130,46
1,131,46
1,132,46
1,133,46
1,137,46
1,143,46
1,144,46
1,146,46
1,147,46
1,150,46
1,152,46
1,153,46
1,158,46
1,166,46
1,167,46
1,171,46
1,174,46
1,48,47
1,78,47
1,79,47
1,80,47
1,81,47
1,82,47
1,83,47
1,84,47
1,85,47
1,86,47
1,87,47
1,88,47
1,89,47
1,90,47
1,91,47
1,92,47
1,102,47
1,114,47
1,115,47
1,119,47
1,130,47
1,131,47
1,132,47
1,133,47
1,137,47
1,143,47
1,144,47
1,146,47
1,147,47
1,150,47
1,152,47
1,153,47
1,158,47
1,166,47
1,167,47
1,171,47
1,174,47
1,48,49
1,48,50
1,48,51
1,48,52
1,48,53
1,48,54
1,48,55
1,48,56
1,48,57
1,48,58
1,48,59
1,48,60
1,48,61
1,48,62
1,48,63
1,48,64
1,48,65
1,48,66
1,48,67
1,48,68
1,48,69
1,48,70
1,48,71
1,48,72
1,48,73
1,48,74
1,48,75
1,48,76
1,48,77
1,48,93
1,48,94
1,48,95
1,48,96
1,48,97
1,48,98
1,48,99
1,48,100
1,48,101
1,48,103
1,48,104
1,48,105
1,48,106
1,48,107
1,48,108
1,48,109
1,48,110
1,48,111
1,48,112
1,48,113
1,48,116
1,48,117
1,48,118
1,48,120
1,48,121
1,48,122
1,48,123
1,48,124
1,48,125
1,48,126
1,48,127
1,48,128
1,48,129
1,48,134
1,48,135
1,48,136
1,48,138
1,48,139
1,48,140
1,48,141
1,48,142
1,48,145
1,48,148
1,48,149
1,48,151
1,48,154
1,48,155
1,48,156
1,48,157
1,48,159
1,48,160
1,48,161
1,48,162
1,48,163
1,48,164
1,48,165
1,48,168
1,48,169
1,48,170
1,48,172
1,48,173
1,48,175
1,48,176
1,48,177
1,48,178
1,48,179
1,48,180
1,48,181
1,48,182
1,48,183
1,48,184
1,48,185
1,48,186
1,48,187
1,48,188
1,48,189
1,48,190
1,48,191
1,48,192
1,48,193
1,48,194
1,48,195
1,48,196
1,48,197
1,48,198
1,48,199
1,48,200
1,48,201
1,48,202
1,48,203
1,48,204
1,48,205
1,48,206
1,48,207
1,48,208
1,48,209
1,48,210
1,48,211
1,48,212
1,48,213
1,48,214
1,48,215
1,48,216
1,48,217
1,48,218
1,48,219
1,48,220
1,48,221
1,48,222
1,48,223
1,48,224
1,48,225
1,48,226
1,48,227
1,48,228
1,48,229
1,48,230
1,48,231
1,48,232
1,48,233
1,48,234
1,48,235
1,48,236
1,48,237
1,48,238
1,48,239
1,48,240
1,48,241
1,48,242
1,48,243
1,48,244
1,48,245
1,48,246
1,48,247
1,48,248
1,48,249
1,48,250
1,48,251
1,48,252
1,48,253
1,48,254
1,48,255
1,48,256
1,48,257
1,48,258
1,48,259
1,48,260
1,48,261
1,48,262
1,48,263
1,48,264
1,48,265
1,48,266
1,48,267
1,48,268
1,48,269
1,48,270
1,78,49
1,79,49
1,80,49
1,81,49
1,82,49
1,83,49
1,84,49
1,85,49
1,86,49
1,87,49
1,88,49
1,89,49
1,90,49
1,91,49
1,92,49
1,102,49
1,114,49
1,115,49
1,119,49
1,130,49
1,131,49
1,132,49
1,133,49
1,137,49
1,143,49
1,144,49
1,146,49
1,147,49
1,150,49
1,152,49
1,153,49
1,158,49
1,166,49
1,167,49
1,171,49
1,174,49
1,78,50
1,79,50
1,80,50
1,81,50
1,82,50
1,83,50
1,84,50
1,85,50
1,86,50
1,87,50
1,88,50
1,89,50
1,90,50
1,91,50
1,92,50
1,102,50
1,114,50
1,115,50
1,119,50
1,130,50
1,131,50
1,132,50
1,133,50
1,137,50
1,143,50
1,144,50
1,146,50
1,147,50
1,150,50
1,152,50
1,153,50
1,158,50
1,166,50
1,167,50
1,171,50
1,174,50
1,78,51
1,79,51
1,80,51
1,81,51
1,82,51
1,83,51
1,84,51
1,85,51
1,86,51
1,87,51
1,88,51
1,89,51
1,90,51
1,91,51
1,92,51
1,102,51
1,114,51
1,115,51
1,119,51
1,130,51
1,131,51
1,132,51
1,133,51
1,137,51
1,143,51
1,144,51
1,146,51
1,147,51
1,150,51
1,152,51
1,153,51
1,158,51
1,166,51
1,167,51
1,171,51
1,174,51
1,78,52
1,79,52
1,80,52
1,81,52
1,82,52
1,83,52
1,84,52
1,85,52
1,86,52
1,87,52
1,88,52
1,89,52
1,90,52
1,91,52
1,92,52
1,102,52
1,114,52
1,115,52
1,119,52
1,130,52
1,131,52
1,132,52
1,133,52
1,137,52
1,143,52
1,144,52
1,146,52
1,147,52
1,150,52
1,152,52
1,153,52
1,158,52
1,166,52
1,167,52
1,171,52
1,174,52
1,78,53
1,79,53
1,80,53
1,81,53
1,82,53
1,83,53
1,84,53
1,85,53
1,86,53
1,87,53
1,88,53
1,89,53
1,90,53
1,91,53
1,92,53
1,102,53
1,114,53
1,115,53
1,119,53
1,130,53
1,131,53
1,132,53
1,133,53
1,137,53
1,143,53
1,144,53
1,146,53
1,147,53
1,150,53
1,152,53
1,153,53
1,158,53
1,166,53
1,167,53
1,171,53
1,174,53
1,78,54
1,79,54
1,80,54
1,81,54
1,82,54
1,83,54
1,84,54
1,85,54
1,86,54
1,87,54
1,88,54
1,89,54
1,90,54
1,91,54
1,92,54
1,102,54
1,114,54
1,115,54
1,119,54
1,130,54
1,131,54
1,132,54
1,133,54
1,137,54
1,143,54
1,144,54
1,146,54
1,147,54
1,150,54
1,152,54
1,153,54
1,158,54
1,166,54
1,167,54
1,171,54
1,174,54
1,78,55
1,79,55
1,80,55
1,81,55
1,82,55
1,83,55
1,84,55
1,85,55
1,86,55
1,87,55
1,88,55
1,89,55
1,90,55
1,91,55
1,92,55
1,102,55
1,114,55
1,115,55
1,119,55
1,130,55
1,131,55
1,132,55
1,133,55
1,137,55
1,143,55
1,144,55
1,146,55
1,147,55
1,150,55
1,152,55
1,153,55
1,158,55
1,166,55
1,167,55
1,171,55
1,174,55
1,78,56
1,79,56
1,80,56
1,81,56
1,82,56
1,83,56
1,84,56
1,85,56
1,86,56
1,87,56
1,88,56
1,89,56
1,90,56
1,91,56
1,92,56
1,102,56
1,114,56
1,115,56
1,119,56
1,130,56
1,131,56
1,132,56
1,133,56
1,137,56
1,143,56
1,144,56
1,146,56
1,147,56
1,150,56
1,152,56
1,153,56
1,158,56
1,166,56
1,167,56
1,171,56
1,174,56
1,78,57
1,79,57
1,80,57
1,81,57
1,82,57
1,83,57
1,84,57
1,85,57
1,86,57
1,87,57
1,88,57
1,89,57
1,90,57
1,91,57
1,92,57
1,102,57
1,114,57
1,115,57
1,119,57
1,130,57
1,131,57
1,132,57
1,133,57
1,137,57
1,143,57
1,144,57
1,146,57
1,147,57
1,150,57
1,152,57
1,153,57
1,158,57
1,166,57
1,167,57
1,171,57
1,174,57
1,78,58
1,79,58
1,80,58
1,81,58
1,82,58
1,83,58
1,84,58
1,85,58
1,86,58
1,87,58
1,88,58
1,89,58
1,90,58
1,91,58
1,92,58
1,102,58
1,114,58
1,115,58
1,119,58
1,130,58
1,131,58
1,132,58
1,133,58
1,137,58
1,143,58
1,144,58
1,146,58
1,147,58
1,150,58
1,152,58
1,153,58
1,158,58
1,166,58
1,167,58
1,171,58
1,174,58
1,78,59
1,79,59
1,80,59
1,81,59
1,82,59
1,83,59
1,84,59
1,85,59
1,86,59
1,87,59
1,88,59
1,89,59
1,90,59
1,91,59
1,92,59
1,102,59
1,114,59
1,115,59
1,119,59
1,130,59
1,131,59
1,132,59
1,133,59
1,137,59
1,143,59
1,144,59
1,146,59
1,147,59
1,150,59
1,152,59
1,153,59
1,158,59
1,166,59
1,167,59
1,171,59
1,174,59
1,78,60
1,79,60
1,80,60
1,81,60
1,82,60
1,83,60
1,84,60
1,85,60
1,86,60
1,87,60
1,88,60
1,89,60
1,90,60
1,91,60
1,92,60
1,102,60
1,114,60
1,115,60
1,119,60
1,130,60
1,131,60
1,132,60
1,133,60
1,137,60
1,143,60
1,144,60
1,146,60
1,147,60
1,150,60
1,152,60
1,153,60
1,158,60
1,166,60
1,167,60
1,171,60
1,174,60
1,78,61
1,79,61
1,80,61
1,81,61
1,82,61
1,83,61
1,84,61
1,85,61
1,86,61
1,87,61
1,88,61
1,89,61
1,90,61
1,91,61
1,92,61
1,102,61
1,114,61
1,115,61
1,119,61
1,130,61
1,131,61
1,132,61
1,133,61
1,137,61
1,143,61
1,144,61
1,146,61
1,147,61
1,150,61
1,152,61
1,153,61
1,158,61
1,166,61
1,167,61
1,171,61
1,174,61
1,78,62
1,79,62
1,80,62
1,81,62
1,82,62
1,83,62
1,84,62
1,85,62
1,86,62
1,87,62
1,88,62
1,89,62
1,90,62
1,91,62
1,92,62
1,102,62
1,114,62
1,115,62
1,119,62
1,130,62
1,131,62
1,132,62
1,133,62
1,137,62
1,143,62
1,144,62
1,146,62
1,147,62
1,150,62
1,152,62
1,153,62
1,158,62
1,166,62
1,167,62
1,171,62
1,174,62
1,78,63
1,79,63
1,80,63
1,81,63
1,82,63
1,83,63
1,84,63
1,85,63
1,86,63
1,87,63
1,88,63
1,89,63
1,90,63
1,91,63
1,92,63
1,102,63
1,114,63
1,115,63
1,119,63
1,130,63
1,131,63
1,132,63
1,133,63
1,137,63
1,143,63
1,144,63
1,146,63
1,147,63
1,150,63
1,152,63
1,153,63
1,158,63
1,166,63
1,167,63
1,171,63
1,174,63
1,78,64
1,79,64
1,80,64
1,81,64
1,82,64
1,83,64
1,84,64
1,85,64
1,86,64
1,87,64
1,88,64
1,89,64
1,90,64
1,91,64
1,92,64
1,102,64
1,114,64
1,115,64
1,119,64
1,130,64
1,131,64
1,132,64
1,133,64
1,137,64
1,143,64
1,144,64
1,146,64
1,147,64
1,150,64
1,152,64
1,153,64
1,158,64
1,166,64
1,167,64
1,171,64
1,174,64
1,78,65
1,79,65
1,80,65
1,81,65
1,82,65
1,83,65
1,84,65
1,85,65
1,86,65
1,87,65
1,88,65
1,89,65
1,90,65
1,91,65
1,92,65
1,102,65
1,114,65
1,115,65
1,119,65
1,130,65
1,131,65
1,132,65
1,133,65
1,137,65
1,143,65
1,144,65
1,146,65
1,147,65
1,150,65
1,152,65
1,153,65
1,158,65
1,166,65
1,167,65
1,171,65
1,174,65
1,78,66
1,79,66
1,80,66
1,81,66
1,82,66
1,83,66
1,84,66
1,85,66
1,86,66
1,87,66
1,88,66
1,89,66
1,90,66
1,91,66
1,92,66
1,102,66
1,114,66
1,115,66
1,119,66
1,130,66
1,131,66
1,132,66
1,133,66
1,137,66
1,143,66
1,144,66
1,146,66
1,147,66
1,150,66
1,152,66
1,153,66
1,158,66
1,166,66
1,167,66
1,171,66
1,174,66
1,78,67
1,79,67
1,80,67
1,81,67
1,82,67
1,83,67
1,84,67
1,85,67
1,86,67
1,87,67
1,88,67
1,89,67
1,90,67
1,91,67
1,92,67
1,102,67
1,114,67
1,115,67
1,119,67
1,130,67
1,131,67
1,132,67
1,133,67
1,137,67
1,143,67
1,144,67
1,146,67
1,147,67
1,150,67
1,152,67
1,153,67
1,158,67
1,166,67
1,167,67
1,171,67
1,174,67
1,78,68
1,79,68
1,80,68
1,81,68
1,82,68
1,83,68
1,84,68
1,85,68
1,86,68
1,87,68
1,88,68
1,89,68
1,90,68
1,91,68
1,92,68
1,102,68
1,114,68
1,115,68
1,119,68
1,130,68
1,131,68
1,132,68
1,133,68
1,137,68
1,143,68
1,144,68
1,146,68
1,147,68
1,150,68
1,152,68
1,153,68
1,158,68
1,166,68
1,167,68
1,171,68
1,174,68
1,78,69
1,79,69
1,80,69
1,81,69
1,82,69
1,83,69
1,84,69
1,85,69
1,86,69
1,87,69
1,88,69
1,89,69
1,90,69
1,91,69
1,92,69
1,102,69
1,114,69
1,115,69
1,119,69
1,130,69
1,131,69
1,132,69
1,133,69
1,137,69
1,143,69
1,144,69
1,146,69
1,147,69
1,150,69
1,152,69
1,153,69
1,158,69
1,166,69
1,167,69
1,171,69
1,174,69
1,78,70
1,79,70
1,80,70
1,81,70
1,82,70
1,83,70
1,84,70
1,85,70
1,86,70
1,87,70
1,88,70
1,89,70
1,90,70
1,91,70
1,92,70
1,102,70
1,114,70
1,115,70
1,119,70
1,130,70
1,131,70
1,132,70
1,133,70
1,137,70
1,143,70
1,144,70
1,146,70
1,147,70
1,150,70
1,152,70
1,153,70
1,158,70
1,166,70
1,167,70
1,171,70
1,174,70
1,78,71
1,79,71
1,80,71
1,81,71
1,82,71
1,83,71
1,84,71
1,85,71
1,86,71
1,87,71
1,88,71
1,89,71
1,90,71
1,91,71
1,92,71
1,102,71
1,114,71
1,115,71
1,119,71
1,130,71
1,131,71
1,132,71
1,133,71
1,137,71
1,143,71
1,144,71
1,146,71
1,147,71
1,150,71
1,152,71
1,153,71
1,158,71
1,166,71
1,167,71
1,171,71
1,174,71
1,78,72
1,79,72
1,80,72
1,81,72
1,82,72
1,83,72
1,84,72
1,85,72
1,86,72
1,87,72
1,88,72
1,89,72
1,90,72
1,91,72
1,92,72
1,102,72
1,114,72
1,115,72
1,119,72
1,130,72
1,131,72
1,132,72
1,133,72
1,137,72
1,143,72
1,144,72
1,146,72
1,147,72
1,150,72
1,152,72
1,153,72
1,158,72
1,166,72
1,167,72
1,171,72
1,174,72
1,78,73
1,79,73
1,80,73
1,81,73
1,82,73
1,83,73
1,84,73
1,85,73
1,86,73
1,87,73
1,88,73
1,89,73
1,90,73
1,91,73
1,92,73
1,102,73
1,114,73
1,115,73
1,119,73
1,130,73
1,131,73
1,132,73
1,133,73
1,137,73
1,143,73
1,144,73
1,146,73
1,147,73
1,150,73
1,152,73
1,153,73
1,158,73
1,166,73
1,167,73
1,171,73
1,174,73
1,78,74
1,79,74
1,80,74
1,81,74
1,82,74
1,83,74
1,84,74
1,85,74
1,86,74
1,87,74
1,88,74
1,89,74
1,90,74
1,91,74
1,92,74
1,102,74
1,114,74
1,115,74
1,119,74
1,130,74
1,131,74
1,132,74
1,133,74
1,137,74
1,143,74
1,144,74
1,146,74
1,147,74
1,150,74
1,152,74
1,153,74
1,158,74
1,166,74
1,167,74
1,171,74
1,174,74
1,78,75
1,79,75
1,80,75
1,81,75
1,82,75
1,83,75
1,84,75
1,85,75
1,86,75
1,87,75
1,88,75
1,89,75
1,90,75
1,91,75
1,92,75
1,102,75
1,114,75
1,115,75
1,119,75
1,130,75
1,131,75
1,132,75
1,133,75
1,137,75
1,143,75
1,144,75
1,146,75
1,147,75
1,150,75
1,152,75
1,153,75
1,158,75
1,166,75
1,167,75
1,171,75
1,174,75
1,78,76
1,79,76
1,80,76
1,81,76
1,82,76
1,83,76
1,84,76
1,85,76
1,86,76
1,87,76
1,88,76
1,89,76
1,90,76
1,91,76
1,92,76
1,102,76
1,114,76
1,115,76
1,119,76
1,130,76
1,131,76
1,132,76
1,133,76
1,137,76
1,143,76
1,144,76
1,146,76
1,147,76
1,150,76
1,152,76
1,153,76
1,158,76
1,166,76
1,167,76
1,171,76
1,174,76
1,78,77
1,79,77
1,80,77
1,81,77
1,82,77
1,83,77
1,84,77
1,85,77
1,86,77
1,87,77
1,88,77
1,89,77
1,90,77
1,91,77
1,92,77
1,102,77
1,114,77
1,115,77
1,119,77
1,130,77
1,131,77
1,132,77
1,133,77
1,137,77
1,143,77
1,144,77
1,146,77
1,147,77
1,150,77
1,152,77
1,153,77
1,158,77
1,166,77
1,167,77
1,171,77
1,174,77
1,78,93
1,78,94
1,78,95
1,78,96
1,78,97
1,78,98
1,78,99
1,78,100
1,78,101
1,78,103
1,78,104
1,78,105
1,78,106
1,78,107
1,78,108
1,78,109
1,78,110
1,78,111
1,78,112
1,78,113
1,78,116
1,78,117
1,78,118
1,78,120
1,78,121
1,78,122
1,78,123
1,78,124
1,78,125
1,78,126
1,78,127
1,78,128
1,78,129
1,78,134
1,78,135
1,78,136
1,78,138
1,78,139
1,78,140
1,78,141
1,78,142
1,78,145
1,78,148
1,78,149
1,78,151
1,78,154
1,78,155
1,78,156
1,78,157
1,78,159
1,78,160
1,78,161
1,78,162
1,78,163
1,78,164
1,78,165
1,78,168
1,78,169
1,78,170
1,78,172
1,78,173
1,78,175
1,78,176
1,78,177
1,78,178
1,78,179
1,78,180
1,78,181
1,78,182
1,78,183
1,78,184
1,78,185
1,78,186
1,78,187
1,78,188
1,78,189
1,78,190
1,78,191
1,78,192
1,78,193
1,78,194
1,78,195
1,78,196
1,78,197
1,78,198
1,78,199
1,78,200
1,78,201
1,78,202
1,78,203
1,78,204
1,78,205
1,78,206
1,78,207
1,78,208
1,78,209
1,78,210
1,78,211
1,78,212
1,78,213
1,78,214
1,78,215
1,78,216
1,78,217
1,78,218
1,78,219
1,78,220
1,78,221
1,78,222
1,78,223
1,78,224
1,78,225
1,78,226
1,78,227
1,78,228
1,78,229
1,78,230
1,78,231
1,78,232
1,78,233
1,78,234
1,78,235
1,78,236
1,78,237
1,78,238
1,78,239
1,78,240
1,78,241
1,78,242
1,78,243
1,78,244
1,78,245
1,78,246
1,78,247
1,78,248
1,78,249
1,78,250
1,78,251
1,78,252
1,78,253
1,78,254
1,78,255
1,78,256
1,78,257
1,78,258
1,78,259
1,78,260
1,78,261
1,78,262
1,78,263
1,78,264
1,78,265
1,78,266
1,78,267
1,78,268
1,78,269
1,78,270
1,79,93
1,79,94
1,79,95
1,79,96
1,79,97
1,79,98
1,79,99
1,79,100
1,79,101
1,79,103
1,79,104
1,79,105
1,79,106
1,79,107
1,79,108
1,79,109
1,79,110
1,79,111
1,79,112
1,79,113
1,79,116
1,79,117
1,79,118
1,79,120
1,79,121
1,79,122
1,79,123
1,79,124
1,79,125
1,79,126
1,79,127
1,79,128
1,79,129
1,79,134
1,79,135
1,79,136
1,79,138
1,79,139
1,79,140
1,79,141
1,79,142
1,79,145
1,79,148
1,79,149
1,79,151
1,79,154
1,79,155
1,79,156
1,79,157
1,79,159
1,79,160
1,79,161
1,79,162
1,79,163
1,79,164
1,79,165
1,79,168
1,79,169
1,79,170
1,79,172
1,79,173
1,79,175
1,79,176
1,79,177
1,79,178
1,79,179
1,79,180
1,79,181
1,79,182
1,79,183
1,79,184
1,79,185
1,79,186
1,79,187
1,79,188
1,79,189
1,79,190
1,79,191
1,79,192
1,79,193
1,79,194
1,79,195
1,79,196
1,79,197
1,79,198
1,79,199
1,79,200
1,79,201
1,79,202
1,79,203
1,79,204
1,79,205
1,79,206
1,79,207
1,79,208
1,79,209
1,79,210
1,79,211
1,79,212
1,79,213
1,79,214
1,79,215
1,79,216
1,79,217
1,79,218
1,79,219
1,79,220
1,79,221
1,79,222
1,79,223
1,79,224
1,79,225
1,79,226
1,79,227
1,79,228
1,79,229
1,79,230
1,79,231
1,79,232
1,79,233
1,79,234
1,79,235
1,79,236
1,79,237
1,79,238
1,79,239
1,79,240
1,79,241
1,79,242
1,79,243
1,79,244
1,79,245
1,79,246
1,79,247
1,79,248
1,79,249
1,79,250
1,79,251
1,79,252
1,79,253
1,79,254
1,79,255
1,79,256
1,79,257
1,79,258
1,79,259
1,79,260
1,79,261
1,79,262
1,79,263
1,79,264
1,79,265
1,79,266
1,79,267
1,79,268
1,79,269
1,79,270
1,80,93
1,80,94
1,80,95
1,80,96
1,80,97
1,80,98
1,80,99
1,80,100
1,80,101
1,80,103
1,80,104
1,80,105
1,80,106
1,80,107
1,80,108
1,80,109
1,80,110
1,80,111
1,80,112
1,80,113
1,80,116
1,80,117
1,80,118
1,80,120
1,80,121
1,80,122
1,80,123
1,80,124
1,80,125
1,80,126
1,80,127
1,80,128
1,80,129
1,80,134
1,80,135
1,80,136
1,80,138
1,80,139
1,80,140
1,80,141
1,80,142
1,80,145
1,80,148
1,80,149
1,80,151
1,80,154
1,80,155
1,80,156
1,80,157
1,80,159
1,80,160
1,80,161
1,80,162
1,80,163
1,80,164
1,80,165
1,80,168
1,80,169
1,80,170
1,80,172
1,80,173
1,80,175
1,80,176
1,80,177
1,80,178
1,80,179
1,80,180
1,80,181
1,80,182
1,80,183
1,80,184
1,80,185
1,80,186
1,80,187
1,80,188
1,80,189
1,80,190
1,80,191
1,80,192
1,80,193
1,80,194
1,80,195
1,80,196
1,80,197
1,80,198
1,80,199
1,80,200
1,80,201
1,80,202
1,80,203
1,80,204
1,80,205
1,80,206
1,80,207
1,80,208
1,80,209
1,80,210
1,80,211
1,80,212
1,80,213
1,80,214
1,80,215
1,80,216
1,80,217
1,80,218
1,80,219
1,80,220
1,80,221
1,80,222
1,80,223
1,80,224
1,80,225
1,80,226
1,80,227
1,80,228
1,80,229
1,80,230
1,80,231
1,80,232
1,80,233
1,80,234
1,80,235
1,80,236
1,80,237
1,80,238
1,80,239
1,80,240
1,80,241
1,80,242
1,80,243
1,80,244
1,80,245
1,80,246
1,80,247
1,80,248
1,80,249
1,80,250
1,80,251
1,80,252
1,80,253
1,80,254
1,80,255
1,80,256
1,80,257
1,80,258
1,80,259
1,80,260
1,80,261
1,80,262
1,80,263
1,80,264
1,80,265
1,80,266
1,80,267
1,80,268
1,80,269
1,80,270
1,81,93
1,81,94
1,81,95
1,81,96
1,81,97
1,81,98
1,81,99
1,81,100
1,81,101
1,81,103
1,81,104
1,81,105
1,81,106
1,81,107
1,81,108
1,81,109
1,81,110
1,81,111
1,81,112
1,81,113
1,81,116
1,81,117
1,81,118
1,81,120
1,81,121
1,81,122
1,81,123
1,81,124
1,81,125
1,81,126
1,81,127
1,81,128
1,81,129
1,81,134
1,81,135
1,81,136
1,81,138
1,81,139
1,81,140
1,81,141
1,81,142
1,81,145
1,81,148
1,81,149
1,81,151
1,81,154
1,81,155
1,81,156
1,81,157
1,81,159
1,81,160
1,81,161
1,81,162
1,81,163
1,81,164
1,81,165
1,81,168
1,81,169
1,81,170
1,81,172
1,81,173
1,81,175
1,81,176
1,81,177
1,81,178
1,81,179
1,81,180
1,81,181
1,81,182
1,81,183
1,81,184
1,81,185
1,81,186
1,81,187
1,81,188
1,81,189
1,81,190
1,81,191
1,81,192
1,81,193
1,81,194
1,81,195
1,81,196
1,81,197
1,81,198
1,81,199
1,81,200
1,81,201
1,81,202
1,81,203
1,81,204
1,81,205
1,81,206
1,81,207
1,81,208
1,81,209
1,81,210
1,81,211
1,81,212
1,81,213
1,81,214
1,81,215
1,81,216
1,81,217
1,81,218
1,81,219
1,81,220
1,81,221
1,81,222
1,81,223
1,81,224
1,81,225
1,81,226
1,81,227
1,81,228
1,81,229
1,81,230
1,81,231
1,81,232
1,81,233
1,81,234
1,81,235
1,81,236
1,81,237
1,81,238
1,81,239
1,81,240
1,81,241
1,81,242
1,81,243
1,81,244
1,81,245
1,81,246
1,81,247
1,81,248
1,81,249
1,81,250
1,81,251
1,81,252
1,81,253
1,81,254
1,81,255
1,81,256
1,81,257
1,81,258
1,81,259
1,81,260
1,81,261
1,81,262
1,81,263
1,81,264
1,81,265
1,81,266
1,81,267
1,81,268
1,81,269
1,81,270
1,82,93
1,82,94
1,82,95
1,82,96
1,82,97
1,82,98
1,82,99
1,82,100
1,82,101
1,82,103
1,82,104
1,82,105
1,82,106
1,82,107
1,82,108
1,82,109
1,82,110
1,82,111
1,82,112
1,82,113
1,82,116
1,82,117
1,82,118
1,82,120
1,82,121
1,82,122
1,82,123
1,82,124
1,82,125
1,82,126
1,82,127
1,82,128
1,82,129
1,82,134
1,82,135
1,82,136
1,82,138
1,82,139
1,82,140
1,82,141
1,82,142
1,82,145
1,82,148
1,82,149
1,82,151
1,82,154
1,82,155
1,82,156
1,82,157
1,82,159
1,82,160
1,82,161
1,82,162
1,82,163
1,82,164
1,82,165
1,82,168
1,82,169
1,82,170
1,82,172
1,82,173
1,82,175
1,82,176
1,82,177
1,82,178
1,82,179
1,82,180
1,82,181
1,82,182
1,82,183
1,82,184
1,82,185
1,82,186
1,82,187
1,82,188
1,82,189
1,82,190
1,82,191
1,82,192
1,82,193
1,82,194
1,82,195
1,82,196
1,82,197
1,82,198
1,82,199
1,82,200
1,82,201
1,82,202
1,82,203
1,82,204
1,82,205
1,82,206
1,82,207
1,82,208
1,82,209
1,82,210
1,82,211
1,82,212
1,82,213
1,82,214
1,82,215
1,82,216
1,82,217
1,82,218
1,82,219
1,82,220
1,82,221
1,82,222
1,82,223
1,82,224
1,82,225
1,82,226
1,82,227
1,82,228
1,82,229
1,82,230
1,82,231
1,82,232
1,82,233
1,82,234
1,82,235
1,82,236
1,82,237
1,82,238
1,82,239
1,82,240
1,82,241
1,82,242
1,82,243
1,82,244
1,82,245
1,82,246
1,82,247
1,82,248
1,82,249
1,82,250
1,82,251
1,82,252
1,82,253
1,82,254
1,82,255
1,82,256
1,82,257
1,82,258
1,82,259
1,82,260
1,82,261
1,82,262
1,82,263
1,82,264
1,82,265
1,82,266
1,82,267
1,82,268
1,82,269
1,82,270
1,83,93
1,83,94
1,83,95
1,83,96
1,83,97
1,83,98
1,83,99
1,83,100
1,83,101
1,83,103
1,83,104
1,83,105
1,83,106
1,83,107
1,83,108
1,83,109
1,83,110
1,83,111
1,83,112
1,83,113
1,83,116
1,83,117
1,83,118
1,83,120
1,83,121
1,83,122
1,83,123
1,83,124
1,83,125
1,83,126
1,83,127
1,83,128
1,83,129
1,83,134
1,83,135
1,83,136
1,83,138
1,83,139
1,83,140
1,83,141
1,83,142
1,83,145
1,83,148
1,83,149
1,83,151
1,83,154
1,83,155
1,83,156
1,83,157
1,83,159
1,83,160
1,83,161
1,83,162
1,83,163
1,83,164
1,83,165
1,83,168
1,83,169
1,83,170
1,83,172
1,83,173
1,83,175
1,83,176
1,83,177
1,83,178
1,83,179
1,83,180
1,83,181
1,83,182
1,83,183
1,83,184
1,83,185
1,83,186
1,83,187
1,83,188
1,83,189
1,83,190
1,83,191
1,83,192
1,83,193
1,83,194
1,83,195
1,83,196
1,83,197
1,83,198
1,83,199
1,83,200
1,83,201
1,83,202
1,83,203
1,83,204
1,83,205
1,83,206
1,83,207
1,83,208
1,83,209
1,83,210
1,83,211
1,83,212
1,83,213
1,83,214
1,83,215
1,83,216
1,83,217
1,83,218
1,83,219
1,83,220
1,83,221
1,83,222
1,83,223
1,83,224
1,83,225
1,83,226
1,83,227
1,83,228
1,83,229
1,83,230
1,83,231
1,83,232
1,83,233
1,83,234
1,83,235
1,83,236
1,83,237
1,83,238
1,83,239
1,83,240
1,83,241
1,83,242
1,83,243
1,83,244
1,83,245
1,83,246
1,83,247
1,83,248
1,83,249
1,83,250
1,83,251
1,83,252
1,83,253
1,83,254
1,83,255
1,83,256
1,83,257
1,83,258
1,83,259
1,83,260
1,83,261
1,83,262
1,83,263
1,83,264
1,83,265
1,83,266
1,83,267
1,83,268
1,83,269
1,83,270
1,84,93
1,84,94
1,84,95
1,84,96
1,84,97
1,84,98
1,84,99
1,84,100
1,84,101
1,84,103
1,84,104
1,84,105
1,84,106
1,84,107
1,84,108
1,84,109
1,84,110
1,84,111
1,84,112
1,84,113
1,84,116
1,84,117
1,84,118
1,84,120
1,84,121
1,84,122
1,84,123
1,84,124
1,84,125
1,84,126
1,84,127
1,84,128
1,84,129
1,84,134
1,84,135
1,84,136
1,84,138
1,84,139
1,84,140
1,84,141
1,84,142
1,84,145
1,84,148
1,84,149
1,84,151
1,84,154
1,84,155
1,84,156
1,84,157
1,84,159
1,84,160
1,84,161
1,84,162
1,84,163
1,84,164
1,84,165
1,84,168
1,84,169
1,84,170
1,84,172
1,84,173
1,84,175
1,84,176
1,84,177
1,84,178
1,84,179
1,84,180
1,84,181
1,84,182
1,84,183
1,84,184
1,84,185
1,84,186
1,84,187
1,84,188
1,84,189
1,84,190
1,84,191
1,84,192
1,84,193
1,84,194
1,84,195
1,84,196
1,84,197
1,84,198
1,84,199
1,84,200
1,84,201
1,84,202
1,84,203
1,84,204
1,84,205
1,84,206
1,84,207
1,84,208
1,84,209
1,84,210
1,84,211
1,84,212
1,84,213
1,84,214
1,84,215
1,84,216
1,84,217
1,84,218
1,84,219
1,84,220
1,84,221
1,84,222
1,84,223
1,84,224
1,84,225
1,84,226
1,84,227
1,84,228
1,84,229
1,84,230
1,84,231
1,84,232
1,84,233
1,84,234
1,84,235
1,84,236
1,84,237
1,84,238
1,84,239
1,84,240
1,84,241
1,84,242
1,84,243
1,84,244
1,84,245
1,84,246
1,84,247
1,84,248
1,84,249
1,84,250
1,84,251
1,84,252
1,84,253
1,84,254
1,84,255
1,84,256
1,84,257
1,84,258
1,84,259
1,84,260
1,84,261
1,84,262
1,84,263
1,84,264
1,84,265
1,84,266
1,84,267
1,84,268
1,84,269
1,84,270
1,85,93
1,85,94
1,85,95
1,85,96
1,85,97
1,85,98
1,85,99
1,85,100
1,85,101
1,85,103
1,85,104
1,85,105
1,85,106
1,85,107
1,85,108
1,85,109
1,85,110
1,85,111
1,85,112
1,85,113
1,85,116
1,85,117
1,85,118
1,85,120
1,85,121
1,85,122
1,85,123
1,85,124
1,85,125
1,85,126
1,85,127
1,85,128
1,85,129
1,85,134
1,85,135
1,85,136
1,85,138
1,85,139
1,85,140
1,85,141
1,85,142
1,85,145
1,85,148
1,85,149
1,85,151
1,85,154
1,85,155
1,85,156
1,85,157
1,85,159
1,85,160
1,85,161
1,85,162
1,85,163
1,85,164
1,85,165
1,85,168
1,85,169
1,85,170
1,85,172
1,85,173
1,85,175
1,85,176
1,85,177
1,85,178
1,85,179
1,85,180
1,85,181
1,85,182
1,85,183
1,85,184
1,85,185
1,85,186
1,85,187
1,85,188
1,85,189
1,85,190
1,85,191
1,85,192
1,85,193
1,85,194
1,85,195
1,85,196
1,85,197
1,85,198
1,85,199
1,85,200
1,85,201
1,85,202
1,85,203
1,85,204
1,85,205
1,85,206
1,85,207
1,85,208
1,85,209
1,85,210
1,85,211
1,85,212
1,85,213
1,85,214
1,85,215
1,85,216
1,85,217
1,85,218
1,85,219
1,85,220
1,85,221
1,85,222
1,85,223
1,85,224
1,85,225
1,85,226
1,85,227
1,85,228
1,85,229
1,85,230
1,85,231
1,85,232
1,85,233
1,85,234
1,85,235
1,85,236
1,85,237
1,85,238
1,85,239
1,85,240
1,85,241
1,85,242
1,85,243
1,85,244
1,85,245
1,85,246
1,85,247
1,85,248
1,85,249
1,85,250
1,85,251
1,85,252
1,85,253
1,85,254
1,85,255
1,85,256
1,85,257
1,85,258
1,85,259
1,85,260
1,85,261
1,85,262
1,85,263
1,85,264
1,85,265
1,85,266
1,85,267
1,85,268
1,85,269
1,85,270
1,86,93
1,86,94
1,86,95
1,86,96
1,86,97
1,86,98
1,86,99
1,86,100
1,86,101
1,86,103
1,86,104
1,86,105
1,86,106
1,86,107
1,86,108
1,86,109
1,86,110
1,86,111
1,86,112
1,86,113
1,86,116
1,86,117
1,86,118
1,86,120
1,86,121
1,86,122
1,86,123
1,86,124
1,86,125
1,86,126
1,86,127
1,86,128
1,86,129
1,86,134
1,86,135
1,86,136
1,86,138
1,86,139
1,86,140
1,86,141
1,86,142
1,86,145
1,86,148
1,86,149
1,86,151
1,86,154
1,86,155
1,86,156
1,86,157
1,86,159
1,86,160
1,86,161
1,86,162
1,86,163
1,86,164
1,86,165
1,86,168
1,86,169
1,86,170
1,86,172
1,86,173
1,86,175
1,86,176
1,86,177
1,86,178
1,86,179
1,86,180
1,86,181
1,86,182
1,86,183
1,86,184
1,86,185
1,86,186
1,86,187
1,86,188
1,86,189
1,86,190
1,86,191
1,86,192
1,86,193
1,86,194
1,86,195
1,86,196
1,86,197
1,86,198
1,86,199
1,86,200
1,86,201
1,86,202
1,86,203
1,86,204
1,86,205
1,86,206
1,86,207
1,86,208
1,86,209
1,86,210
1,86,211
1,86,212
1,86,213
1,86,214
1,86,215
1,86,216
1,86,217
1,86,218
1,86,219
1,86,220
1,86,221
1,86,222
1,86,223
1,86,224
1,86,225
1,86,226
1,86,227
1,86,228
1,86,229
1,86,230
1,86,231
1,86,232
1,86,233
1,86,234
1,86,235
1,86,236
1,86,237
1,86,238
1,86,239
1,86,240
1,86,241
1,86,242
1,86,243
1,86,244
1,86,245
1,86,246
1,86,247
1,86,248
1,86,249
1,86,250
1,86,251
1,86,252
1,86,253
1,86,254
1,86,255
1,86,256
1,86,257
1,86,258
1,86,259
1,86,260
1,86,261
1,86,262
1,86,263
1,86,264
1,86,265
1,86,266
1,86,267
1,86,268
1,86,269
1,86,270
1,87,93
1,87,94
1,87,95
1,87,96
1,87,97
1,87,98
1,87,99
1,87,100
1,87,101
1,87,103
1,87,104
1,87,105
1,87,106
1,87,107
1,87,108
1,87,109
1,87,110
1,87,111
1,87,112
1,87,113
1,87,116
1,87,117
1,87,118
1,87,120
1,87,121
1,87,122
1,87,123
1,87,124
1,87,125
1,87,126
1,87,127
1,87,128
1,87,129
1,87,134
1,87,135
1,87,136
1,87,138
1,87,139
1,87,140
1,87,141
1,87,142
1,87,145
1,87,148
1,87,149
1,87,151
1,87,154
1,87,155
1,87,156
1,87,157
1,87,159
1,87,160
1,87,161
1,87,162
1,87,163
1,87,164
1,87,165
1,87,168
1,87,169
1,87,170
1,87,172
1,87,173
1,87,175
1,87,176
1,87,177
1,87,178
1,87,179
1,87,180
1,87,181
1,87,182
1,87,183
1,87,184
1,87,185
1,87,186
1,87,187
1,87,188
1,87,189
1,87,190
1,87,191
1,87,192
1,87,193
1,87,194
1,87,195
1,87,196
1,87,197
1,87,198
1,87,199
1,87,200
1,87,201
1,87,202
1,87,203
1,87,204
1,87,205
1,87,206
1,87,207
1,87,208
1,87,209
1,87,210
1,87,211
1,87,212
1,87,213
1,87,214
1,87,215
1,87,216
1,87,217
1,87,218
1,87,219
1,87,220
1,87,221
1,87,222
1,87,223
1,87,224
1,87,225
1,87,226
1,87,227
1,87,228
1,87,229
1,87,230
1,87,231
1,87,232
1,87,233
1,87,234
1,87,235
1,87,236
1,87,237
1,87,238
1,87,239
1,87,240
1,87,241
1,87,242
1,87,243
1,87,244
1,87,245
1,87,246
1,87,247
1,87,248
1,87,249
1,87,250
1,87,251
1,87,252
1,87,253
1,87,254
1,87,255
1,87,256
1,87,257
1,87,258
1,87,259
1,87,260
1,87,261
1,87,262
1,87,263
1,87,264
1,87,265
1,87,266
1,87,267
1,87,268
1,87,269
1,87,270
1,88,93
1,88,94
1,88,95
1,88,96
1,88,97
1,88,98
1,88,99
1,88,100
1,88,101
1,88,103
1,88,104
1,88,105
1,88,106
1,88,107
1,88,108
1,88,109
1,88,110
1,88,111
1,88,112
1,88,113
1,88,116
1,88,117
1,88,118
1,88,120
1,88,121
1,88,122
1,88,123
1,88,124
1,88,125
1,88,126
1,88,127
1,88,128
1,88,129
1,88,134
1,88,135
1,88,136
1,88,138
1,88,139
1,88,140
1,88,141
1,88,142
1,88,145
1,88,148
1,88,149
1,88,151
1,88,154
1,88,155
1,88,156
1,88,157
1,88,159
1,88,160
1,88,161
1,88,162
1,88,163
1,88,164
1,88,165
1,88,168
1,88,169
1,88,170
1,88,172
1,88,173
1,88,175
1,88,176
1,88,177
1,88,178
1,88,179
1,88,180
1,88,181
1,88,182
1,88,183
1,88,184
1,88,185
1,88,186
1,88,187
1,88,188
1,88,189
1,88,190
1,88,191
1,88,192
1,88,193
1,88,194
1,88,195
1,88,196
1,88,197
1,88,198
1,88,199
1,88,200
1,88,201
1,88,202
1,88,203
1,88,204
1,88,205
1,88,206
1,88,207
1,88,208
1,88,209
1,88,210
1,88,211
1,88,212
1,88,213
1,88,214
1,88,215
1,88,216
1,88,217
1,88,218
1,88,219
1,88,220
1,88,221
1,88,222
1,88,223
1,88,224
1,88,225
1,88,226
1,88,227
1,88,228
1,88,229
1,88,230
1,88,231
1,88,232
1,88,233
1,88,234
1,88,235
1,88,236
1,88,237
1,88,238
1,88,239
1,88,240
1,88,241
1,88,242
1,88,243
1,88,244
1,88,245
1,88,246
1,88,247
1,88,248
1,88,249
1,88,250
1,88,251
1,88,252
1,88,253
1,88,254
1,88,255
1,88,256
1,88,257
1,88,258
1,88,259
1,88,260
1,88,261
1,88,262
1,88,263
1,88,264
1,88,265
1,88,266
1,88,267
1,88,268
1,88,269
1,88,270
1,89,93
1,89,94
1,89,95
1,89,96
1,89,97
1,89,98
1,89,99
1,89,100
1,89,101
1,89,103
1,89,104
1,89,105
1,89,106
1,89,107
1,89,108
1,89,109
1,89,110
1,89,111
1,89,112
1,89,113
1,89,116
1,89,117
1,89,118
1,89,120
1,89,121
1,89,122
1,89,123
1,89,124
1,89,125
1,89,126
1,89,127
1,89,128
1,89,129
1,89,134
1,89,135
1,89,136
1,89,138
1,89,139
1,89,140
1,89,141
1,89,142
1,89,145
1,89,148
1,89,149
1,89,151
1,89,154
1,89,155
1,89,156
1,89,157
1,89,159
1,89,160
1,89,161
1,89,162
1,89,163
1,89,164
1,89,165
1,89,168
1,89,169
1,89,170
1,89,172
1,89,173
1,89,175
1,89,176
1,89,177
1,89,178
1,89,179
1,89,180
1,89,181
1,89,182
1,89,183
1,89,184
1,89,185
1,89,186
1,89,187
1,89,188
1,89,189
1,89,190
1,89,191
1,89,192
1,89,193
1,89,194
1,89,195
1,89,196
1,89,197
1,89,198
1,89,199
1,89,200
1,89,201
1,89,202
1,89,203
1,89,204
1,89,205
1,89,206
1,89,207
1,89,208
1,89,209
1,89,210
1,89,211
1,89,212
1,89,213
1,89,214
1,89,215
1,89,216
1,89,217
1,89,218
1,89,219
1,89,220
1,89,221
1,89,222
1,89,223
1,89,224
1,89,225
1,89,226
1,89,227
1,89,228
1,89,229
1,89,230
1,89,231
1,89,232
1,89,233
1,89,234
1,89,235
1,89,236
1,89,237
1,89,238
1,89,239
1,89,240
1,89,241
1,89,242
1,89,243
1,89,244
1,89,245
1,89,246
1,89,247
1,89,248
1,89,249
1,89,250
1,89,251
1,89,252
1,89,253
1,89,254
1,89,255
1,89,256
1,89,257
1,89,258
1,89,259
1,89,260
1,89,261
1,89,262
1,89,263
1,89,264
1,89,265
1,89,266
1,89,267
1,89,268
1,89,269
1,89,270
1,90,93
1,90,94
1,90,95
1,90,96
1,90,97
1,90,98
1,90,99
1,90,100
1,90,101
1,90,103
1,90,104
1,90,105
1,90,106
1,90,107
1,90,108
1,90,109
1,90,110
1,90,111
1,90,112
1,90,113
1,90,116
1,90,117
1,90,118
1,90,120
1,90,121
1,90,122
1,90,123
1,90,124
1,90,125
1,90,126
1,90,127
1,90,128
1,90,129
1,90,134
1,90,135
1,90,136
1,90,138
1,90,139
1,90,140
1,90,141
1,90,142
1,90,145
1,90,148
1,90,149
1,90,151
1,90,154
1,90,155
1,90,156
1,90,157
1,90,159
1,90,160
1,90,161
1,90,162
1,90,163
1,90,164
1,90,165
1,90,168
1,90,169
1,90,170
1,90,172
1,90,173
1,90,175
1,90,176
1,90,177
1,90,178
1,90,179
1,90,180
1,90,181
1,90,182
1,90,183
1,90,184
1,90,185
1,90,186
1,90,187
1,90,188
1,90,189
1,90,190
1,90,191
1,90,192
1,90,193
1,90,194
1,90,195
1,90,196
1,90,197
1,90,198
1,90,199
1,90,200
1,90,201
1,90,202
1,90,203
1,90,204
1,90,205
1,90,206
1,90,207
1,90,208
1,90,209
1,90,210
1,90,211
1,90,212
1,90,213
1,90,214
1,90,215
1,90,216
1,90,217
1,90,218
1,90,219
1,90,220
1,90,221
1,90,222
1,90,223
1,90,224
1,90,225
1,90,226
1,90,227
1,90,228
1,90,229
1,90,230
1,90,231
1,90,232
1,90,233
1,90,234
1,90,235
1,90,236
1,90,237
1,90,238
1,90,239
1,90,240
1,90,241
1,90,242
1,90,243
1,90,244
1,90,245
1,90,246
1,90,247
1,90,248
1,90,249
1,90,250
1,90,251
1,90,252
1,90,253
1,90,254
1,90,255
1,90,256
1,90,257
1,90,258
1,90,259
1,90,260
1,90,261
1,90,262
1,90,263
1,90,264
1,90,265
1,90,266
1,90,267
1,90,268
1,90,269
1,90,270
1,91,93
1,91,94
1,91,95
1,91,96
1,91,97
1,91,98
1,91,99
1,91,100
1,91,101
1,91,103
1,91,104
1,91,105
1,91,106
1,91,107
1,91,108
1,91,109
1,91,110
1,91,111
1,91,112
1,91,113
1,91,116
1,91,117
1,91,118
1,91,120
1,91,121
1,91,122
1,91,123
1,91,124
1,91,125
1,91,126
1,91,127
1,91,128
1,91,129
1,91,134
1,91,135
1,91,136
1,91,138
1,91,139
1,91,140
1,91,141
1,91,142
1,91,145
1,91,148
1,91,149
1,91,151
1,91,154
1,91,155
1,91,156
1,91,157
1,91,159
1,91,160
1,91,161
1,91,162
1,91,163
1,91,164
1,91,165
1,91,168
1,91,169
1,91,170
1,91,172
1,91,173
1,91,175
1,91,176
1,91,177
1,91,178
1,91,179
1,91,180
1,91,181
1,91,182
1,91,183
1,91,184
1,91,185
1,91,186
1,91,187
1,91,188
1,91,189
1,91,190
1,91,191
1,91,192
1,91,193
1,91,194
1,91,195
1,91,196
1,91,197
1,91,198
1,91,199
1,91,200
1,91,201
1,91,202
1,91,203
1,91,204
1,91,205
1,91,206
1,91,207
1,91,208
1,91,209
1,91,210
1,91,211
1,91,212
1,91,213
1,91,214
1,91,215
1,91,216
1,91,217
1,91,218
1,91,219
1,91,220
1,91,221
1,91,222
1,91,223
1,91,224
1,91,225
1,91,226
1,91,227
1,91,228
1,91,229
1,91,230
1,91,231
1,91,232
1,91,233
1,91,234
1,91,235
1,91,236
1,91,237
1,91,238
1,91,239
1,91,240
1,91,241
1,91,242
1,91,243
1,91,244
1,91,245
1,91,246
1,91,247
1,91,248
1,91,249
1,91,250
1,91,251
1,91,252
1,91,253
1,91,254
1,91,255
1,91,256
1,91,257
1,91,258
1,91,259
1,91,260
1,91,261
1,91,262
1,91,263
1,91,264
1,91,265
1,91,266
1,91,267
1,91,268
1,91,269
1,91,270
1,92,93
1,92,94
1,92,95
1,92,96
1,92,97
1,92,98
1,92,99
1,92,100
1,92,101
1,92,103
1,92,104
1,92,105
1,92,106
1,92,107
1,92,108
1,92,109
1,92,110
1,92,111
1,92,112
1,92,113
1,92,116
1,92,117
1,92,118
1,92,120
1,92,121
1,92,122
1,92,123
1,92,124
1,92,125
1,92,126
1,92,127
1,92,128
1,92,129
1,92,134
1,92,135
1,92,136
1,92,138
1,92,139
1,92,140
1,92,141
1,92,142
1,92,145
1,92,148
1,92,149
1,92,151
1,92,154
1,92,155
1,92,156
1,92,157
1,92,159
1,92,160
1,92,161
1,92,162
1,92,163
1,92,164
1,92,165
1,92,168
1,92,169
1,92,170
1,92,172
1,92,173
1,92,175
1,92,176
1,92,177
1,92,178
1,92,179
1,92,180
1,92,181
1,92,182
1,92,183
1,92,184
1,92,185
1,92,186
1,92,187
1,92,188
1,92,189
1,92,190
1,92,191
1,92,192
1,92,193
1,92,194
1,92,195
1,92,196
1,92,197
1,92,198
1,92,199
1,92,200
1,92,201
1,92,202
1,92,203
1,92,204
1,92,205
1,92,206
1,92,207
1,92,208
1,92,209
1,92,210
1,92,211
1,92,212
1,92,213
1,92,214
1,92,215
1,92,216
1,92,217
1,92,218
1,92,219
1,92,220
1,92,221
1,92,222
1,92,223
1,92,224
1,92,225
1,92,226
1,92,227
1,92,228
1,92,229
1,92,230
1,92,231
1,92,232
1,92,233
1,92,234
1,92,235
1,92,236
1,92,237
1,92,238
1,92,239
1,92,240
1,92,241
1,92,242
1,92,243
1,92,244
1,92,245
1,92,246
1,92,247
1,92,248
1,92,249
1,92,250
1,92,251
1,92,252
1,92,253
1,92,254
1,92,255
1,92,256
1,92,257
1,92,258
1,92,259
1,92,260
1,92,261
1,92,262
1,92,263
1,92,264
1,92,265
1,92,266
1,92,267
1,92,268
1,92,269
1,92,270
1,102,93
1,114,93
1,115,93
1,119,93
1,130,93
1,131,93
1,132,93
1,133,93
1,137,93
1,143,93
1,144,93
1,146,93
1,147,93
1,150,93
1,152,93
1,153,93
1,158,93
1,166,93
1,167,93
1,171,93
1,174,93
1,102,94
1,114,94
1,115,94
1,119,94
1,130,94
1,131,94
1,132,94
1,133,94
1,137,94
1,143,94
1,144,94
1,146,94
1,147,94
1,150,94
1,152,94
1,153,94
1,158,94
1,166,94
1,167,94
1,171,94
1,174,94
1,102,95
1,114,95
1,115,95
1,119,95
1,130,95
1,131,95
1,132,95
1,133,95
1,137,95
1,143,95
1,144,95
1,146,95
1,147,95
1,150,95
1,152,95
1,153,95
1,158,95
1,166,95
1,167,95
1,171,95
1,174,95
1,102,96
1,114,96
1,115,96
1,119,96
1,130,96
1,131,96
1,132,96
1,133,96
1,137,96
1,143,96
1,144,96
1,146,96
1,147,96
1,150,96
1,152,96
1,153,96
1,158,96
1,166,96
1,167,96
1,171,96
1,174,96
1,102,97
1,114,97
1,115,97
1,119,97
1,130,97
1,131,97
1,132,97
1,133,97
1,137,97
1,143,97
1,144,97
1,146,97
1,147,97
1,150,97
1,152,97
1,153,97
1,158,97
1,166,97
1,167,97
1,171,97
1,174,97
1,102,98
1,114,98
1,115,98
1,119,98
1,130,98
1,131,98
1,132,98
1,133,98
1,137,98
1,143,98
1,144,98
1,146,98
1,147,98
1,150,98
1,152,98
1,153,98
1,158,98
1,166,98
1,167,98
1,171,98
1,174,98
1,102,99
1,114,99
1,115,99
1,119,99
1,130,99
1,131,99
1,132,99
1,133,99
1,137,99
1,143,99
1,144,99
1,146,99
1,147,99
1,150,99
1,152,99
1,153,99
1,158,99
1,166,99
1,167,99
1,171,99
1,174,99
1,102,100
1,114,100
1,115,100
1,119,100
1,130,100
1,131,100
1,132,100
1,133,100
1,137,100
1,143,100
1,144,100
1,146,100
1,147,100
1,150,100
1,152,100
1,153,100
1,158,100
1,166,100
1,167,100
1,171,100
1,174,100
1,102,101
1,114,101
1,115,101
1,119,101
1,130,101
1,131,101
1,132,101
1,133,101
1,137,101
1,143,101
1,144,101
1,146,101
1,147,101
1,150,101
1,152,101
1,153,101
1,158,101
1,166,101
1,167,101
1,171,101
1,174,101
1,102,103
1,102,104
1,102,105
1,102,106
1,102,107
1,102,108
1,102,109
1,102,110
1,102,111
1,102,112
1,102,113
1,102,116
1,102,117
1,102,118
1,102,120
1,102,121
1,102,122
1,102,123
1,102,124
1,102,125
1,102,126
1,102,127
1,102,128
1,102,129
1,102,134
1,102,135
1,102,136
1,102,138
1,102,139
1,102,140
1,102,141
1,102,142
1,102,145
1,102,148
1,102,149
1,102,151
1,102,154
1,102,155
1,102,156
1,102,157
1,102,159
1,102,160
1,102,161
1,102,162
1,102,163
1,102,164
1,102,165
1,102,168
1,102,169
1,102,170
1,102,172
1,102,173
1,102,175
1,102,176
1,102,177
1,102,178
1,102,179
1,102,180
1,102,181
1,102,182
1,102,183
1,102,184
1,102,185
1,102,186
1,102,187
1,102,188
1,102,189
1,102,190
1,102,191
1,102,192
1,102,193
1,102,194
1,102,195
1,102,196
1,102,197
1,102,198
1,102,199
1,102,200
1,102,201
1,102,202
1,102,203
1,102,204
1,102,205
1,102,206
1,102,207
1,102,208
1,102,209
1,102,210
1,102,211
1,102,212
1,102,213
1,102,214
1,102,215
1,102,216
1,102,217
1,102,218
1,102,219
1,102,220
1,102,221
1,102,222
1,102,223
1,102,224
1,102,225
1,102,226
1,102,227
1,102,228
1,102,229
1,102,230
1,102,231
1,102,232
1,102,233
1,102,234
1,102,235
1,102,236
1,102,237
1,102,238
1,102,239
1,102,240
1,102,241
1,102,242
1,102,243
1,102,244
1,102,245
1,102,246
1,102,247
1,102,248
1,102,249
1,102,250
1,102,251
1,102,252
1,102,253
1,102,254
1,102,255
1,102,256
1,102,257
1,102,258
1,102,259
1,102,260
1,102,261
1,102,262
1,102,263
1,102,264
1,102,265
1,102,266
1,102,267
1,102,268
1,102,269
1,102,270
1,114,103
1,115,103
1,119,103
1,130,103
1,131,103
1,132,103
1,133,103
1,137,103
1,143,103
1,144,103
1,146,103
1,147,103
1,150,103
1,152,103
1,153,103
1,158,103
1,166,103
1,167,103
1,171,103
1,174,103
1,114,104
1,115,104
1,119,104
1,130,104
1,131,104
1,132,104
1,133,104
1,137,104
1,143,104
1,144,104
1,146,104
1,147,104
1,150,104
1,152,104
1,153,104
1,158,104
1,166,104
1,167,104
1,171,104
1,174,104
1,114,105
1,115,105
1,119,105
1,130,105
1,131,105
1,132,105
1,133,105
1,137,105
1,143,105
1,144,105
1,146,105
1,147,105
1,150,105
1,152,105
1,153,105
1,158,105
1,166,105
1,167,105
1,171,105
1,174,105
1,114,106
1,115,106
1,119,106
1,130,106
1,131,106
1,132,106
1,133,106
1,137,106
1,143,106
1,144,106
1,146,106
1,147,106
1,150,106
1,152,106
1,153,106
1,158,106
1,166,106
1,167,106
1,171,106
1,174,106
1,114,107
1,115,107
1,119,107
1,130,107
1,131,107
1,132,107
1,133,107
1,137,107
1,143,107
1,144,107
1,146,107
1,147,107
1,150,107
1,152,107
1,153,107
1,158,107
1,166,107
1,167,107
1,171,107
1,174,107
1,114,108
1,115,108
1,119,108
1,130,108
1,131,108
1,132,108
1,133,108
1,137,108
1,143,108
1,144,108
1,146,108
1,147,108
1,150,108
1,152,108
1,153,108
1,158,108
1,166,108
1,167,108
1,171,108
1,174,108
1,114,109
1,115,109
1,119,109
1,130,109
1,131,109
1,132,109
1,133,109
1,137,109
1,143,109
1,144,109
1,146,109
1,147,109
1,150,109
1,152,109
1,153,109
1,158,109
1,166,109
1,167,109
1,171,109
1,174,109
1,114,110
1,115,110
1,119,110
1,130,110
1,131,110
1,132,110
1,133,110
1,137,110
1,143,110
1,144,110
1,146,110
1,147,110
1,150,110
1,152,110
1,153,110
1,158,110
1,166,110
1,167,110
1,171,110
1,174,110
1,114,111
1,115,111
1,119,111
1,130,111
1,131,111
1,132,111
1,133,111
1,137,111
1,143,111
1,144,111
1,146,111
1,147,111
1,150,111
1,152,111
1,153,111
1,158,111
1,166,111
1,167,111
1,171,111
1,174,111
1,114,112
1,115,112
1,119,112
1,130,112
1,131,112
1,132,112
1,133,112
1,137,112
1,143,112
1,144,112
1,146,112
1,147,112
1,150,112
1,152,112
1,153,112
1,158,112
1,166,112
1,167,112
1,171,112
1,174,112
1,114,113
1,115,113
1,119,113
1,130,113
1,131,113
1,132,113
1,133,113
1,137,113
1,143,113
1,144,113
1,146,113
1,147,113
1,150,113
1,152,113
1,153,113
1,158,113
1,166,113
1,167,113
1,171,113
1,174,113
1,114,116
1,114,117
1,114,118
1,114,120
1,114,121
1,114,122
1,114,123
1,114,124
1,114,125
1,114,126
1,114,127
1,114,128
1,114,129
1,114,134
1,114,135
1,114,136
1,114,138
1,114,139
1,114,140
1,114,141
1,114,142
1,114,145
1,114,148
1,114,149
1,114,151
1,114,154
1,114,155
1,114,156
1,114,157
1,114,159
1,114,160
1,114,161
1,114,162
1,114,163
1,114,164
1,114,165
1,114,168
1,114,169
1,114,170
1,114,172
1,114,173
1,114,175
1,114,176
1,114,177
1,114,178
1,114,179
1,114,180
1,114,181
1,114,182
1,114,183
1,114,184
1,114,185
1,114,186
1,114,187
1,114,188
1,114,189
1,114,190
1,114,191
1,114,192
1,114,193
1,114,194
1,114,195
1,114,196
1,114,197
1,114,198
1,114,199
1,114,200
1,114,201
1,114,202
1,114,203
1,114,204
1,114,205
1,114,206
1,114,207
1,114,208
1,114,209
1,114,210
1,114,211
1,114,212
1,114,213
1,114,214
1,114,215
1,114,216
1,114,217
1,114,218
1,114,219
1,114,220
1,114,221
1,114,222
1,114,223
1,114,224
1,114,225
1,114,226
1,114,227
1,114,228
1,114,229
1,114,230
1,114,231
1,114,232
1,114,233
1,114,234
1,114,235
1,114,236
1,114,237
1,114,238
1,114,239
1,114,240
1,114,241
1,114,242
1,114,243
1,114,244
1,114,245
1,114,246
1,114,247
1,114,248
1,114,249
1,114,250
1,114,251
1,114,252
1,114,253
1,114,254
1,114,255
1,114,256
1,114,257
1,114,258
1,114,259
1,114,260
1,114,261
1,114,262
1,114,263
1,114,264
1,114,265
1,114,266
1,114,267
1,114,268
1,114,269
1,114,270
1,115,116
1,115,117
1,115,118
1,115,120
1,115,121
1,115,122
1,115,123
1,115,124
1,115,125
1,115,126
1,115,127
1,115,128
1,115,129
1,115,134
1,115,135
1,115,136
1,115,138
1,115,139
1,115,140
1,115,141
1,115,142
1,115,145
1,115,148
1,115,149
1,115,151
1,115,154
1,115,155
1,115,156
1,115,157
1,115,159
1,115,160
1,115,161
1,115,162
1,115,163
1,115,164
1,115,165
1,115,168
1,115,169
1,115,170
1,115,172
1,115,173
1,115,175
1,115,176
1,115,177
1,115,178
1,115,179
1,115,180
1,115,181
1,115,182
1,115,183
1,115,184
1,115,185
1,115,186
1,115,187
1,115,188
1,115,189
1,115,190
1,115,191
1,115,192
1,115,193
1,115,194
1,115,195
1,115,196
1,115,197
1,115,198
1,115,199
1,115,200
1,115,201
1,115,202
1,115,203
1,115,204
1,115,205
1,115,206
1,115,207
1,115,208
1,115,209
1,115,210
1,115,211
1,115,212
1,115,213
1,115,214
1,115,215
1,115,216
1,115,217
1,115,218
1,115,219
1,115,220
1,115,221
1,115,222
1,115,223
1,115,224
1,115,225
1,115,226
1,115,227
1,115,228
1,115,229
1,115,230
1,115,231
1,115,232
1,115,233
1,115,234
1,115,235
1,115,236
1,115,237
1,115,238
1,115,239
1,115,240
1,115,241
1,115,242
1,115,243
1,115,244
1,115,245
1,115,246
1,115,247
1,115,248
1,115,249
1,115,250
1,115,251
1,115,252
1,115,253
1,115,254
1,115,255
1,115,256
1,115,257
1,115,258
1,115,259
1,115,260
1,115,261
1,115,262
1,115,263
1,115,264
1,115,265
1,115,266
1,115,267
1,115,268
1,115,269
1,115,270
1,119,116
1,130,116
1,131,116
1,132,116
1,133,116
1,137,116
1,143,116
1,144,116
1,146,116
1,147,116
1,150,116
1,152,116
1,153,116
1,158,116
1,166,116
1,167,116
1,171,116
1,174,116
1,119,117
1,130,117
1,131,117
1,132,117
1,133,117
1,137,117
1,143,117
1,144,117
1,146,117
1,147,117
1,150,117
1,152,117
1,153,117
1,158,117
1,166,117
1,167,117
1,171,117
1,174,117
1,119,118
1,130,118
1,131,118
1,132,118
1,133,118
1,137,118
1,143,118
1,144,118
1,146,118
1,147,118
1,150,118
1,152,118
1,153,118
1,158,118
1,166,118
1,167,118
1,171,118
1,174,118
1,119,120
1,119,121
1,119,122
1,119,123
1,119,124
1,119,125
1,119,126
1,119,127
1,119,128
1,119,129
1,119,134
1,119,135
1,119,136
1,119,138
1,119,139
1,119,140
1,119,141
1,119,142
1,119,145
1,119,148
1,119,149
1,119,151
1,119,154
1,119,155
1,119,156
1,119,157
1,119,159
1,119,160
1,119,161
1,119,162
1,119,163
1,119,164
1,119,165
1,119,168
1,119,169
1,119,170
1,119,172
1,119,173
1,119,175
1,119,176
1,119,177
1,119,178
1,119,179
1,119,180
1,119,181
1,119,182
1,119,183
1,119,184
1,119,185
1,119,186
1,119,187
1,119,188
1,119,189
1,119,190
1,119,191
1,119,192
1,119,193
1,119,194
1,119,195
1,119,196
1,119,197
1,119,198
1,119,199
1,119,200
1,119,201
1,119,202
1,119,203
1,119,204
1,119,205
1,119,206
1,119,207
1,119,208
1,119,209
1,119,210
1,119,211
1,119,212
1,119,213
1,119,214
1,119,215
1,119,216
1,119,217
1,119,218
1,119,219
1,119,220
1,119,221
1,119,222
1,119,223
1,119,224
1,119,225
1,119,226
1,119,227
1,119,228
1,119,229
1,119,230
1,119,231
1,119,232
1,119,233
1,119,234
1,119,235
1,119,236
1,119,237
1,119,238
1,119,239
1,119,240
1,119,241
1,119,242
1,119,243
1,119,244
1,119,245
1,119,246
1,119,247
1,119,248
1,119,249
1,119,250
1,119,251
1,119,252
1,119,253
1,119,254
1,119,255
1,119,256
1,119,257
1,119,258
1,119,259
1,119,260
1,119,261
1,119,262
1,119,263
1,119,264
1,119,265
1,119,266
1,119,267
1,119,268
1,119,269
1,119,270
1,130,120
1,131,120
1,132,120
1,133,120
1,137,120
1,143,120
1,144,120
1,146,120
1,147,120
1,150,120
1,152,120
1,153,120
1,158,120
1,166,120
1,167,120
1,171,120
1,174,120
1,130,121
1,131,121
1,132,121
1,133,121
1,137,121
1,143,121
1,144,121
1,146,121
1,147,121
1,150,121
1,152,121
1,153,121
1,158,121
1,166,121
1,167,121
1,171,121
1,174,121
1,130,122
1,131,122
1,132,122
1,133,122
1,137,122
1,143,122
1,144,122
1,146,122
1,147,122
1,150,122
1,152,122
1,153,122
1,158,122
1,166,122
1,167,122
1,171,122
1,174,122
1,130,123
1,131,123
1,132,123
1,133,123
1,137,123
1,143,123
1,144,123
1,146,123
1,147,123
1,150,123
1,152,123
1,153,123
1,158,123
1,166,123
1,167,123
1,171,123
1,174,123
1,130,124
1,131,124
1,132,124
1,133,124
1,137,124
1,143,124
1,144,124
1,146,124
1,147,124
1,150,124
1,152,124
1,153,124
1,158,124
1,166,124
1,167,124
1,171,124
1,174,124
1,130,125
1,131,125
1,132,125
1,133,125
1,137,125
1,143,125
1,144,125
1,146,125
1,147,125
1,150,125
1,152,125
1,153,125
1,158,125
1,166,125
1,167,125
1,171,125
1,174,125
1,130,126
1,131,126
1,132,126
1,133,126
1,137,126
1,143,126
1,144,126
1,146,126
1,147,126
1,150,126
1,152,126
1,153,126
1,158,126
1,166,126
1,167,126
1,171,126
1,174,126
1,130,127
1,131,127
1,132,127
1,133,127
1,137,127
1,143,127
1,144,127
1,146,127
1,147,127
1,150,127
1,152,127
1,153,127
1,158,127
1,166,127
1,167,127
1,171,127
1,174,127
1,130,128
1,131,128
1,132,128
1,133,128
1,137,128
1,143,128
1,144,128
1,146,128
1,147,128
1,150,128
1,152,128
1,153,128
1,158,128
1,166,128
1,167,128
1,171,128
1,174,128
1,130,129
1,131,129
1,132,129
1,133,129
1,137,129
1,143,129
1,144,129
1,146,129
1,147,129
1,150,129
1,152,129
1,153,129
1,158,129
1,166,129
1,167,129
1,171,129
1,174,129
1,130,134
1,130,135
1,130,136
1,130,138
1,130,139
1,130,140
1,130,141
1,130,142
1,130,145
1,130,148
1,130,149
1,130,151
1,130,154
1,130,155
1,130,156
1,130,157
1,130,159
1,130,160
1,130,161
1,130,162
1,130,163
1,130,164
1,130,165
1,130,168
1,130,169
1,130,170
1,130,172
1,130,173
1,130,175
1,130,176
1,130,177
1,130,178
1,130,179
1,130,180
1,130,181
1,130,182
1,130,183
1,130,184
1,130,185
1,130,186
1,130,187
1,130,188
1,130,189
1,130,190
1,130,191
1,130,192
1,130,193
1,130,194
1,130,195
1,130,196
1,130,197
1,130,198
1,130,199
1,130,200
1,130,201
1,130,202
1,130,203
1,130,204
1,130,205
1,130,206
1,130,207
1,130,208
1,130,209
1,130,210
1,130,211
1,130,212
1,130,213
1,130,214
1,130,215
1,130,216
1,130,217
1,130,218
1,130,219
1,130,220
1,130,221
1,130,222
1,130,223
1,130,224
1,130,225
1,130,226
1,130,227
1,130,228
1,130,229
1,130,230
1,130,231
1,130,232
1,130,233
1,130,234
1,130,235
1,130,236
1,130,237
1,130,238
1,130,239
1,130,240
1,130,241
1,130,242
1,130,243
1,130,244
1,130,245
1,130,246
1,130,247
1,130,248
1,130,249
1,130,250
1,130,251
1,130,252
1,130,253
1,130,254
1,130,255
1,130,256
1,130,257
1,130,258
1,130,259
1,130,260
1,130,261
1,130,262
1,130,263
1,130,264
1,130,265
1,130,266
1,130,267
1,130,268
1,130,269
1,130,270
1,131,134
1,131,135
1,131,136
1,131,138
1,131,139
1,131,140
1,131,141
1,131,142
1,131,145
1,131,148
1,131,149
1,131,151
1,131,154
1,131,155
1,131,156
1,131,157
1,131,159
1,131,160
1,131,161
1,131,162
1,131,163
1,131,164
1,131,165
1,131,168
1,131,169
1,131,170
1,131,172
1,131,173
1,131,175
1,131,176
1,131,177
1,131,178
1,131,179
1,131,180
1,131,181
1,131,182
1,131,183
1,131,184
1,131,185
1,131,186
1,131,187
1,131,188
1,131,189
1,131,190
1,131,191
1,131,192
1,131,193
1,131,194
1,131,195
1,131,196
1,131,197
1,131,198
1,131,199
1,131,200
1,131,201
1,131,202
1,131,203
1,131,204
1,131,205
1,131,206
1,131,207
1,131,208
1,131,209
1,131,210
1,131,211
1,131,212
1,131,213
1,131,214
1,131,215
1,131,216
1,131,217
1,131,218
1,131,219
1,131,220
1,131,221
1,131,222
1,131,223
1,131,224
1,131,225
1,131,226
1,131,227
1,131,228
1,131,229
1,131,230
1,131,231
1,131,232
1,131,233
1,131,234
1,131,235
1,131,236
1,131,237
1,131,238
1,131,239
1,131,240
1,131,241
1,131,242
1,131,243
1,131,244
1,131,245
1,131,246
1,131,247
1,131,248
1,131,249
1,131,250
1,131,251
1,131,252
1,131,253
1,131,254
1,131,255
1,131,256
1,131,257
1,131,258
1,131,259
1,131,260
1,131,261
1,131,262
1,131,263
1,131,264
1,131,265
1,131,266
1,131,267
1,131,268
1,131,269
1,131,270
1,132,134
1,132,135
1,132,136
1,132,138
1,132,139
1,132,140
1,132,141
1,132,142
1,132,145
1,132,148
1,132,149
1,132,151
1,132,154
1,132,155
1,132,156
1,132,157
1,132,159
1,132,160
1,132,161
1,132,162
1,132,163
1,132,164
1,132,165
1,132,168
1,132,169
1,132,170
1,132,172
1,132,173
1,132,175
1,132,176
1,132,177
1,132,178
1,132,179
1,132,180
1,132,181
1,132,182
1,132,183
1,132,184
1,132,185
1,132,186
1,132,187
1,132,188
1,132,189
1,132,190
1,132,191
1,132,192
1,132,193
1,132,194
1,132,195
1,132,196
1,132,197
1,132,198
1,132,199
1,132,200
1,132,201
1,132,202
1,132,203
1,132,204
1,132,205
1,132,206
1,132,207
1,132,208
1,132,209
1,132,210
1,132,211
1,132,212
1,132,213
1,132,214
1,132,215
1,132,216
1,132,217
1,132,218
1,132,219
1,132,220
1,132,221
1,132,222
1,132,223
1,132,224
1,132,225
1,132,226
1,132,227
1,132,228
1,132,229
1,132,230
1,132,231
1,132,232
1,132,233
1,132,234
1,132,235
1,132,236
1,132,237
1,132,238
1,132,239
1,132,240
1,132,241
1,132,242
1,132,243
1,132,244
1,132,245
1,132,246
1,132,247
1,132,248
1,132,249
1,132,250
1,132,251
1,132,252
1,132,253
1,132,254
1,132,255
1,132,256
1,132,257
1,132,258
1,132,259
1,132,260
1,132,261
1,132,262
1,132,263
1,132,264
1,132,265
1,132,266
1,132,267
1,132,268
1,132,269
1,132,270
1,133,134
1,133,135
1,133,136
1,133,138
1,133,139
1,133,140
1,133,141
1,133,142
1,133,145
1,133,148
1,133,149
1,133,151
1,133,154
1,133,155
1,133,156
1,133,157
1,133,159
1,133,160
1,133,161
1,133,162
1,133,163
1,133,164
1,133,165
1,133,168
1,133,169
1,133,170
1,133,172
1,133,173
1,133,175
1,133,176
1,133,177
1,133,178
1,133,179
1,133,180
1,133,181
1,133,182
1,133,183
1,133,184
1,133,185
1,133,186
1,133,187
1,133,188
1,133,189
1,133,190
1,133,191
1,133,192
1,133,193
1,133,194
1,133,195
1,133,196
1,133,197
1,133,198
1,133,199
1,133,200
1,133,201
1,133,202
1,133,203
1,133,204
1,133,205
1,133,206
1,133,207
1,133,208
1,133,209
1,133,210
1,133,211
1,133,212
1,133,213
1,133,214
1,133,215
1,133,216
1,133,217
1,133,218
1,133,219
1,133,220
1,133,221
1,133,222
1,133,223
1,133,224
1,133,225
1,133,226
1,133,227
1,133,228
1,133,229
1,133,230
1,133,231
1,133,232
1,133,233
1,133,234
1,133,235
1,133,236
1,133,237
1,133,238
1,133,239
1,133,240
1,133,241
1,133,242
1,133,243
1,133,244
1,133,245
1,133,246
1,133,247
1,133,248
1,133,249
1,133,250
1,133,251
1,133,252
1,133,253
1,133,254
1,133,255
1,133,256
1,133,257
1,133,258
1,133,259
1,133,260
1,133,261
1,133,262
1,133,263
1,133,264
1,133,265
1,133,266
1,133,267
1,133,268
1,133,269
1,133,270
1,137,134
1,143,134
1,144,134
1,146,134
1,147,134
1,150,134
1,152,134
1,153,134
1,158,134
1,166,134
1,167,134
1,171,134
1,174,134
1,137,135
1,143,135
1,144,135
1,146,135
1,147,135
1,150,135
1,152,135
1,153,135
1,158,135
1,166,135
1,167,135
1,171,135
1,174,135
1,137,136
1,143,136
1,144,136
1,146,136
1,147,136
1,150,136
1,152,136
1,153,136
1,158,136
1,166,136
1,167,136
1,171,136
1,174,136
1,137,138
1,137,139
1,137,140
1,137,141
1,137,142
1,137,145
1,137,148
1,137,149
1,137,151
1,137,154
1,137,155
1,137,156
1,137,157
1,137,159
1,137,160
1,137,161
1,137,162
1,137,163
1,137,164
1,137,165
1,137,168
1,137,169
1,137,170
1,137,172
1,137,173
1,137,175
1,137,176
1,137,177
1,137,178
1,137,179
1,137,180
1,137,181
1,137,182
1,137,183
1,137,184
1,137,185
1,137,186
1,137,187
1,137,188
1,137,189
1,137,190
1,137,191
1,137,192
1,137,193
1,137,194
1,137,195
1,137,196
1,137,197
1,137,198
1,137,199
1,137,200
1,137,201
1,137,202
1,137,203
1,137,204
1,137,205
1,137,206
1,137,207
1,137,208
1,137,209
1,137,210
1,137,211
1,137,212
1,137,213
1,137,214
1,137,215
1,137,216
1,137,217
1,137,218
1,137,219
1,137,220
1,137,221
1,137,222
1,137,223
1,137,224
1,137,225
1,137,226
1,137,227
1,137,228
1,137,229
1,137,230
1,137,231
1,137,232
1,137,233
1,137,234
1,137,235
1,137,236
1,137,237
1,137,238
1,137,239
1,137,240
1,137,241
1,137,242
1,137,243
1,137,244
1,137,245
1,137,246
1,137,247
1,137,248
1,137,249
1,137,250
1,137,251
1,137,252
1,137,253
1,137,254
1,137,255
1,137,256
1,137,257
1,137,258
1,137,259
1,137,260
1,137,261
1,137,262
1,137,263
1,137,264
1,137,265
1,137,266
1,137,267
1,137,268
1,137,269
1,137,270
1,143,138
1,144,138
1,146,138
1,147,138
1,150,138
1,152,138
1,153,138
1,158,138
1,166,138
1,167,138
1,171,138
1,174,138
1,143,139
1,144,139
1,146,139
1,147,139
1,150,139
1,152,139
1,153,139
1,158,139
1,166,139
1,167,139
1,171,139
1,174,139
1,143,140
1,144,140
1,146,140
1,147,140
1,150,140
1,152,140
1,153,140
1,158,140
1,166,140
1,167,140
1,171,140
1,174,140
1,143,141
1,144,141
1,146,141
1,147,141
1,150,141
1,152,141
1,153,141
1,158,141
1,166,141
1,167,141
1,171,141
1,174,141
1,143,142
1,144,142
1,146,142
1,147,142
1,150,142
1,152,142
1,153,142
1,158,142
1,166,142
1,167,142
1,171,142
1,174,142
1,143,145
1,143,148
1,143,149
1,143,151
1,143,154
1,143,155
1,143,156
1,143,157
1,143,159
1,143,160
1,143,161
1,143,162
1,143,163
1,143,164
1,143,165
1,143,168
1,143,169
1,143,170
1,143,172
1,143,173
1,143,175
1,143,176
1,143,177
1,143,178
1,143,179
1,143,180
1,143,181
1,143,182
1,143,183
1,143,184
1,143,185
1,143,186
1,143,187
1,143,188
1,143,189
1,143,190
1,143,191
1,143,192
1,143,193
1,143,194
1,143,195
1,143,196
1,143,197
1,143,198
1,143,199
1,143,200
1,143,201
1,143,202
1,143,203
1,143,204
1,143,205
1,143,206
1,143,207
1,143,208
1,143,209
1,143,210
1,143,211
1,143,212
1,143,213
1,143,214
1,143,215
1,143,216
1,143,217
1,143,218
1,143,219
1,143,220
1,143,221
1,143,222
1,143,223
1,143,224
1,143,225
1,143,226
1,143,227
1,143,228
1,143,229
1,143,230
1,143,231
1,143,232
1,143,233
1,143,234
1,143,235
1,143,236
1,143,237
1,143,238
1,143,239
1,143,240
1,143,241
1,143,242
1,143,243
1,143,244
1,143,245
1,143,246
1,143,247
1,143,248
1,143,249
1,143,250
1,143,251
1,143,252
1,143,253
1,143,254
1,143,255
1,143,256
1,143,257
1,143,258
1,143,259
1,143,260
1,143,261
1,143,262
1,143,263
1,143,264
1,143,265
1,143,266
1,143,267
1,143,268
1,143,269
1,143,270
1,144,145
1,144,148
1,144,149
1,144,151
1,144,154
1,144,155
1,144,156
1,144,157
1,144,159
1,144,160
1,144,161
1,144,162
1,144,163
1,144,164
1,144,165
1,144,168
1,144,169
1,144,170
1,144,172
1,144,173
1,144,175
1,144,176
1,144,177
1,144,178
1,144,179
1,144,180
1,144,181
1,144,182
1,144,183
1,144,184
1,144,185
1,144,186
1,144,187
1,144,188
1,144,189
1,144,190
1,144,191
1,144,192
1,144,193
1,144,194
1,144,195
1,144,196
1,144,197
1,144,198
1,144,199
1,144,200
1,144,201
1,144,202
1,144,203
1,144,204
1,144,205
1,144,206
1,144,207
1,144,208
1,144,209
1,144,210
1,144,211
1,144,212
1,144,213
1,144,214
1,144,215
1,144,216
1,144,217
1,144,218
1,144,219
1,144,220
1,144,221
1,144,222
1,144,223
1,144,224
1,144,225
1,144,226
1,144,227
1,144,228
1,144,229
1,144,230
1,144,231
1,144,232
1,144,233
1,144,234
1,144,235
1,144,236
1,144,237
1,144,238
1,144,239
1,144,240
1,144,241
1,144,242
1,144,243
1,144,244
1,144,245
1,144,246
1,144,247
1,144,248
1,144,249
1,144,250
1,144,251
1,144,252
1,144,253
1,144,254
1,144,255
1,144,256
1,144,257
1,144,258
1,144,259
1,144,260
1,144,261
1,144,262
1,144,263
1,144,264
1,144,265
1,144,266
1,144,267
1,144,268
1,144,269
1,144,270
1,146,145
1,147,145
1,150,145
1,152,145
1,153,145
1,158,145
1,166,145
1,167,145
1,171,145
1,174,145
1,146,148
1,146,149
1,146,151
1,146,154
1,146,155
1,146,156
1,146,157
1,146,159
1,146,160
1,146,161
1,146,162
1,146,163
1,146,164
1,146,165
1,146,168
1,146,169
1,146,170
1,146,172
1,146,173
1,146,175
1,146,176
1,146,177
1,146,178
1,146,179
1,146,180
1,146,181
1,146,182
1,146,183
1,146,184
1,146,185
1,146,186
1,146,187
1,146,188
1,146,189
1,146,190
1,146,191
1,146,192
1,146,193
1,146,194
1,146,195
1,146,196
1,146,197
1,146,198
1,146,199
1,146,200
1,146,201
1,146,202
1,146,203
1,146,204
1,146,205
1,146,206
1,146,207
1,146,208
1,146,209
1,146,210
1,146,211
1,146,212
1,146,213
1,146,214
1,146,215
1,146,216
1,146,217
1,146,218
1,146,219
1,146,220
1,146,221
1,146,222
1,146,223
1,146,224
1,146,225
1,146,226
1,146,227
1,146,228
1,146,229
1,146,230
1,146,231
1,146,232
1,146,233
1,146,234
1,146,235
1,146,236
1,146,237
1,146,238
1,146,239
1,146,240
1,146,241
1,146,242
1,146,243
1,146,244
1,146,245
1,146,246
1,146,247
1,146,248
1,146,249
1,146,250
1,146,251
1,146,252
1,146,253
1,146,254
1,146,255
1,146,256
1,146,257
1,146,258
1,146,259
1,146,260
1,146,261
1,146,262
1,146,263
1,146,264
1,146,265
1,146,266
1,146,267
1,146,268
1,146,269
1,146,270
1,147,148
1,147,149
1,147,151
1,147,154
1,147,155
1,147,156
1,147,157
1,147,159
1,147,160
1,147,161
1,147,162
1,147,163
1,147,164
1,147,165
1,147,168
1,147,169
1,147,170
1,147,172
1,147,173
1,147,175
1,147,176
1,147,177
1,147,178
1,147,179
1,147,180
1,147,181
1,147,182
1,147,183
1,147,184
1,147,185
1,147,186
1,147,187
1,147,188
1,147,189
1,147,190
1,147,191
1,147,192
1,147,193
1,147,194
1,147,195
1,147,196
1,147,197
1,147,198
1,147,199
1,147,200
1,147,201
1,147,202
1,147,203
1,147,204
1,147,205
1,147,206
1,147,207
1,147,208
1,147,209
1,147,210
1,147,211
1,147,212
1,147,213
1,147,214
1,147,215
1,147,216
1,147,217
1,147,218
1,147,219
1,147,220
1,147,221
1,147,222
1,147,223
1,147,224
1,147,225
1,147,226
1,147,227
1,147,228
1,147,229
1,147,230
1,147,231
1,147,232
1,147,233
1,147,234
1,147,235
1,147,236
1,147,237
1,147,238
1,147,239
1,147,240
1,147,241
1,147,242
1,147,243
1,147,244
1,147,245
1,147,246
1,147,247
1,147,248
1,147,249
1,147,250
1,147,251
1,147,252
1,147,253
1,147,254
1,147,255
1,147,256
1,147,257
1,147,258
1,147,259
1,147,260
1,147,261
1,147,262
1,147,263
1,147,264
1,147,265
1,147,266
1,147,267
1,147,268
1,147,269
1,147,270
1,150,148
1,152,148
1,153,148
1,158,148
1,166,148
1,167,148
1,171,148
1,174,148
1,150,149
1,152,149
1,153,149
1,158,149
1,166,149
1,167,149
1,171,149
1,174,149
1,150,151
1,150,154
1,150,155
1,150,156
1,150,157
1,150,159
1,150,160
1,150,161
1,150,162
1,150,163
1,150,164
1,150,165
1,150,168
1,150,169
1,150,170
1,150,172
1,150,173
1,150,175
1,150,176
1,150,177
1,150,178
1,150,179
1,150,180
1,150,181
1,150,182
1,150,183
1,150,184
1,150,185
1,150,186
1,150,187
1,150,188
1,150,189
1,150,190
1,150,191
1,150,192
1,150,193
1,150,194
1,150,195
1,150,196
1,150,197
1,150,198
1,150,199
1,150,200
1,150,201
1,150,202
1,150,203
1,150,204
1,150,205
1,150,206
1,150,207
1,150,208
1,150,209
1,150,210
1,150,211
1,150,212
1,150,213
1,150,214
1,150,215
1,150,216
1,150,217
1,150,218
1,150,219
1,150,220
1,150,221
1,150,222
1,150,223
1,150,224
1,150,225
1,150,226
1,150,227
1,150,228
1,150,229
1,150,230
1,150,231
1,150,232
1,150,233
1,150,234
1,150,235
1,150,236
1,150,237
1,150,238
1,150,239
1,150,240
1,150,241
1,150,242
1,150,243
1,150,244
1,150,245
1,150,246
1,150,247
1,150,248
1,150,249
1,150,250
1,150,251
1,150,252
1,150,253
1,150,254
1,150,255
1,150,256
1,150,257
1,150,258
1,150,259
1,150,260
1,150,261
1,150,262
1,150,263
1,150,264
1,150,265
1,150,266
1,150,267
1,150,268
1,150,269
1,150,270
1,152,151
1,153,151
1,158,151
1,166,151
1,167,151
1,171,151
1,174,151
1,152,154
1,152,155
1,152,156
1,152,157
1,152,159
1,152,160
1,152,161
1,152,162
1,152,163
1,152,164
1,152,165
1,152,168
1,152,169
1,152,170
1,152,172
1,152,173
1,152,175
1,152,176
1,152,177
1,152,178
1,152,179
1,152,180
1,152,181
1,152,182
1,152,183
1,152,184
1,152,185
1,152,186
1,152,187
1,152,188
1,152,189
1,152,190
1,152,191
1,152,192
1,152,193
1,152,194
1,152,195
1,152,196
1,152,197
1,152,198
1,152,199
1,152,200
1,152,201
1,152,202
1,152,203
1,152,204
1,152,205
1,152,206
1,152,207
1,152,208
1,152,209
1,152,210
1,152,211
1,152,212
1,152,213
1,152,214
1,152,215
1,152,216
1,152,217
1,152,218
1,152,219
1,152,220
1,152,221
1,152,222
1,152,223
1,152,224
1,152,225
1,152,226
1,152,227
1,152,228
1,152,229
1,152,230
1,152,231
1,152,232
1,152,233
1,152,234
1,152,235
1,152,236
1,152,237
1,152,238
1,152,239
1,152,240
1,152,241
1,152,242
1,152,243
1,152,244
1,152,245
1,152,246
1,152,247
1,152,248
1,152,249
1,152,250
1,152,251
1,152,252
1,152,253
1,152,254
1,152,255
1,152,256
1,152,257
1,152,258
1,152,259
1,152,260
1,152,261
1,152,262
1,152,263
1,152,264
1,152,265
1,152,266
1,152,267
1,152,268
1,152,269
1,152,270
1,153,154
1,153,155
1,153,156
1,153,157
1,153,159
1,153,160
1,153,161
1,153,162
1,153,163
1,153,164
1,153,165
1,153,168
1,153,169
1,153,170
1,153,172
1,153,173
1,153,175
1,153,176
1,153,177
1,153,178
1,153,179
1,153,180
1,153,181
1,153,182
1,153,183
1,153,184
1,153,185
1,153,186
1,153,187
1,153,188
1,153,189
1,153,190
1,153,191
1,153,192
1,153,193
1,153,194
1,153,195
1,153,196
1,153,197
1,153,198
1,153,199
1,153,200
1,153,201
1,153,202
1,153,203
1,153,204
1,153,205
1,153,206
1,153,207
1,153,208
1,153,209
1,153,210
1,153,211
1,153,212
1,153,213
1,153,214
1,153,215
1,153,216
1,153,217
1,153,218
1,153,219
1,153,220
1,153,221
1,153,222
1,153,223
1,153,224
1,153,225
1,153,226
1,153,227
1,153,228
1,153,229
1,153,230
1,153,231
1,153,232
1,153,233
1,153,234
1,153,235
1,153,236
1,153,237
1,153,238
1,153,239
1,153,240
1,153,241
1,153,242
1,153,243
1,153,244
1,153,245
1,153,246
1,153,247
1,153,248
1,153,249
1,153,250
1,153,251
1,153,252
1,153,253
1,153,254
1,153,255
1,153,256
1,153,257
1,153,258
1,153,259
1,153,260
1,153,261
1,153,262
1,153,263
1,153,264
1,153,265
1,153,266
1,153,267
1,153,268
1,153,269
1,153,270
1,158,154
1,166,154
1,167,154
1,171,154
1,174,154
1,158,155
1,166,155
1,167,155
1,171,155
1,174,155
1,158,156
1,166,156
1,167,156
1,171,156
1,174,156
1,158,157
1,166,157
1,167,157
1,171,157
1,174,157
1,158,159
1,158,160
1,158,161
1,158,162
1,158,163
1,158,164
1,158,165
1,158,168
1,158,169
1,158,170
1,158,172
1,158,173
1,158,175
1,158,176
1,158,177
1,158,178
1,158,179
1,158,180
1,158,181
1,158,182
1,158,183
1,158,184
1,158,185
1,158,186
1,158,187
1,158,188
1,158,189
1,158,190
1,158,191
1,158,192
1,158,193
1,158,194
1,158,195
1,158,196
1,158,197
1,158,198
1,158,199
1,158,200
1,158,201
1,158,202
1,158,203
1,158,204
1,158,205
1,158,206
1,158,207
1,158,208
1,158,209
1,158,210
1,158,211
1,158,212
1,158,213
1,158,214
1,158,215
1,158,216
1,158,217
1,158,218
1,158,219
1,158,220
1,158,221
1,158,222
1,158,223
1,158,224
1,158,225
1,158,226
1,158,227
1,158,228
1,158,229
1,158,230
1,158,231
1,158,232
1,158,233
1,158,234
1,158,235
1,158,236
1,158,237
1,158,238
1,158,239
1,158,240
1,158,241
1,158,242
1,158,243
1,158,244
1,158,245
1,158,246
1,158,247
1,158,248
1,158,249
1,158,250
1,158,251
1,158,252
1,158,253
1,158,254
1,158,255
1,158,256
1,158,257
1,158,258
1,158,259
1,158,260
1,158,261
1,158,262
1,158,263
1,158,264
1,158,265
1,158,266
1,158,267
1,158,268
1,158,269
1,158,270
1,166,159
1,167,159
1,171,159
1,174,159
1,166,160
1,167,160
1,171,160
1,174,160
1,166,161
1,167,161
1,171,161
1,174,161
1,166,162
1,167,162
1,171,162
1,174,162
1,166,163
1,167,163
1,171,163
1,174,163
1,166,164
1,167,164
1,171,164
1,174,164
1,166,165
1,167,165
1,171,165
1,174,165
1,166,168
1,166,169
1,166,170
1,166,172
1,166,173
1,166,175
1,166,176
1,166,177
1,166,178
1,166,179
1,166,180
1,166,181
1,166,182
1,166,183
1,166,184
1,166,185
1,166,186
1,166,187
1,166,188
1,166,189
1,166,190
1,166,191
1,166,192
1,166,193
1,166,194
1,166,195
1,166,196
1,166,197
1,166,198
1,166,199
1,166,200
1,166,201
1,166,202
1,166,203
1,166,204
1,166,205
1,166,206
1,166,207
1,166,208
1,166,209
1,166,210
1,166,211
1,166,212
1,166,213
1,166,214
1,166,215
1,166,216
1,166,217
1,166,218
1,166,219
1,166,220
1,166,221
1,166,222
1,166,223
1,166,224
1,166,225
1,166,226
1,166,227
1,166,228
1,166,229
1,166,230
1,166,231
1,166,232
1,166,233
1,166,234
1,166,235
1,166,236
1,166,237
1,166,238
1,166,239
1,166,240
1,166,241
1,166,242
1,166,243
1,166,244
1,166,245
1,166,246
1,166,247
1,166,248
1,166,249
1,166,250
1,166,251
1,166,252
1,166,253
1,166,254
1,166,255
1,166,256
1,166,257
1,166,258
1,166,259
1,166,260
1,166,261
1,166,262
1,166,263
1,166,264
1,166,265
1,166,266
1,166,267
1,166,268
1,166,269
1,166,270
1,167,168
1,167,169
1,167,170
1,167,172
1,167,173
1,167,175
1,167,176
1,167,177
1,167,178
1,167,179
1,167,180
1,167,181
1,167,182
1,167,183
1,167,184
1,167,185
1,167,186
1,167,187
1,167,188
1,167,189
1,167,190
1,167,191
1,167,192
1,167,193
1,167,194
1,167,195
1,167,196
1,167,197
1,167,198
1,167,199
1,167,200
1,167,201
1,167,202
1,167,203
1,167,204
1,167,205
1,167,206
1,167,207
1,167,208
1,167,209
1,167,210
1,167,211
1,167,212
1,167,213
1,167,214
1,167,215
1,167,216
1,167,217
1,167,218
1,167,219
1,167,220
1,167,221
1,167,222
1,167,223
1,167,224
1,167,225
1,167,226
1,167,227
1,167,228
1,167,229
1,167,230
1,167,231
1,167,232
1,167,233
1,167,234
1,167,235
1,167,236
1,167,237
1,167,238
1,167,239
1,167,240
1,167,241
1,167,242
1,167,243
1,167,244
1,167,245
1,167,246
1,167,247
1,167,248
1,167,249
1,167,250
1,167,251
1,167,252
1,167,253
1,167,254
1,167,255
1,167,256
1,167,257
1,167,258
1,167,259
1,167,260
1,167,261
1,167,262
1,167,263
1,167,264
1,167,265
1,167,266
1,167,267
1,167,268
1,167,269
1,167,270
1,171,168
1,174,168
1,171,169
1,174,169
1,171,170
1,174,170
1,171,172
1,171,173
1,171,175
1,171,176
1,171,177
1,171,178
1,171,179
1,171,180
1,171,181
1,171,182
1,171,183
1,171,184
1,171,185
1,171,186
1,171,187
1,171,188
1,171,189
1,171,190
1,171,191
1,171,192
1,171,193
1,171,194
1,171,195
1,171,196
1,171,197
1,171,198
1,171,199
1,171,200
1,171,201
1,171,202
1,171,203
1,171,204
1,171,205
1,171,206
1,171,207
1,171,208
1,171,209
1,171,210
1,171,211
1,171,212
1,171,213
1,171,214
1,171,215
1,171,216
1,171,217
1,171,218
1,171,219
1,171,220
1,171,221
1,171,222
1,171,223
1,171,224
1,171,225
1,171,226
1,171,227
1,171,228
1,171,229
1,171,230
1,171,231
1,171,232
1,171,233
1,171,234
1,171,235
1,171,236
1,171,237
1,171,238
1,171,239
1,171,240
1,171,241
1,171,242
1,171,243
1,171,244
1,171,245
1,171,246
1,171,247
1,171,248
1,171,249
1,171,250
1,171,251
1,171,252
1,171,253
1,171,254
1,171,255
1,171,256
1,171,257
1,171,258
1,171,259
1,171,260
1,171,261
1,171,262
1,171,263
1,171,264
1,171,265
1,171,266
1,171,267
1,171,268
1,171,269
1,171,270
1,174,172
1,174,173
1,174,175
1,174,176
1,174,177
1,174,178
1,174,179
1,174,180
1,174,181
1,174,182
1,174,183
1,174,184
1,174,185
1,174,186
1,174,187
1,174,188
1,174,189
1,174,190
1,174,191
1,174,192
1,174,193
1,174,194
1,174,195
1,174,196
1,174,197
1,174,198
1,174,199
1,174,200
1,174,201
1,174,202
1,174,203
1,174,204
1,174,205
1,174,206
1,174,207
1,174,208
1,174,209
1,174,210
1,174,211
1,174,212
1,174,213
1,174,214
1,174,215
1,174,216
1,174,217
1,174,218
1,174,219
1,174,220
1,174,221
1,174,222
1,174,223
1,174,224
1,174,225
1,174,226
1,174,227
1,174,228
1,174,229
1,174,230
1,174,231
1,174,232
1,174,233
1,174,234
1,174,235
1,174,236
1,174,237
1,174,238
1,174,239
1,174,240
1,174,241
1,174,242
1,174,243
1,174,244
1,174,245
1,174,246
1,174,247
1,174,248
1,174,249
1,174,250
1,174,251
1,174,252
1,174,253
1,174,254
1,174,255
1,174,256
1,174,257
1,174,258
1,174,259
1,174,260
1,174,261
1,174,262
1,174,263
1,174,264
1,174,265
1,174,266
1,174,267
1,174,268
1,174,269
1,174,270
